kinematics:
  shoulder:
    x: 0
    y: 0
    z: 0.089283349985317034
    roll: -0
    pitch: 0
    yaw: -2.6177751893400227e-05
  upper_arm:
    x: 0.00026552426956780878
    y: 0
    z: 0
    roll: 1.5702921369815348
    pitch: 0
    yaw: -5.5270085805858571e-06
  forearm:
    x: -0.42506923101260596
    y: 0
    z: 0
    roll: 3.1414706923820557
    pitch: 3.1407307663184705
    yaw: 3.1415464982620085
  wrist_1:
    x: -0.39186973540575315
    y: 5.7815362655239282e-05
    z: 0.11080193336356021
    roll: 3.1410708634399902
    pitch: 3.139771095775699
    yaw: -3.1415913395268924
  wrist_2:
    x: 0.00010377767275479333
    y: -0.094916012015450898
    z: 5.4195067571124564e-05
    roll: 1.570225347667868
    pitch: 0
    yaw: -8.4960772476895985e-07
  wrist_3:
    x: 4.2536047130826813e-06
    y: 0.08234773484712006
    z: -9.3878278622256392e-06
    roll: 1.5706823245355874
    pitch: 3.1415926535897931
    yaw: -3.1415362606218609
  hash: calib_17575711881469972235