timestamp_sec,timestamp_nanosec,trust_score,shoulder_pan_pos,shoulder_lift_pos,elbow_pos,wrist_1_pos,wrist_2_pos,wrist_3_pos,shoulder_pan_vel,shoulder_lift_vel,elbow_vel,wrist_1_vel,wrist_2_vel,wrist_3_vel,imu_ax_raw,imu_ay_raw,imu_az_raw,imu_ax_ema,imu_ay_ema,imu_az_ema,attack_active
1785981683,464982986,100.0,-1.6191085020648401,-1.5849421660052698,-1.1326897780047815,-4.617830816899435,-4.890423957501547,0.5112343430519104,0.21400310099124908,0.2518157362937927,0.0,0.0,0.0,-0.3893754780292511,0.0,0.0,0.0,0.0,0.0,0.0,0
1785981683,483951568,100.0,-1.615654770527975,-1.5808308760272425,-1.1327374617206019,-4.617830816899435,-4.890375677739279,0.5048467516899109,0.22149404883384705,0.26730895042419434,0.0,0.0,0.0,-0.4118354916572571,0.0,0.0,0.0,0.0,0.0,0.0,0
1785981683,504287958,100.0,-1.6121533552752894,-1.57670766512026,-1.1327136198626917,-4.61784273782839,-4.890412036572592,0.498338907957077,0.2247537523508072,0.26684874296188354,0.0,0.0,0.0,-0.4072719216346741,0.0,0.0,0.0,0.0,0.0,0.0,0
1785981683,524098157,100.0,-1.606805149708883,-1.5701993147479456,-1.1327016989337366,-4.617902700101034,-4.890423957501547,0.4885714054107666,0.23003320395946503,0.2693670392036438,0.0,0.0,0.0,-0.4118354916572571,0.0,0.0,0.0,0.0,0.0,0.0,0
1785981683,544141054,100.0,-1.6032317320453089,-1.5659564177142542,-1.1327255407916468,-4.61784273782839,-4.890375677739279,0.48202764987945557,0.22934292256832123,0.2698783576488495,0.0,0.0,0.0,-0.41362515091896057,0.0,0.0,0.0,0.0,0.0,0.0,0
1785981683,563918590,100.0,-1.597584072743551,-1.5594714323626917,-1.1327136198626917,-4.61781877676119,-4.890387598668234,0.47210395336151123,0.23132431507110596,0.27106720209121704,0.0,0.0,0.0,-0.42267563939094543,0.0,0.0,0.0,0.0,0.0,0.0,0
1785981683,584161281,100.0,-1.5937827269183558,-1.5551570097552698,-1.132749382649557,-4.617830816899435,-4.890363637601034,0.46542835235595703,0.23133708536624908,0.2743908166885376,0.0,0.0,0.0,-0.4248999059200287,0.0,0.0,0.0,0.0,0.0,0.0,0
1785981683,604074716,100.0,-1.5882189909564417,-1.5485761801349085,-1.1327136198626917,-4.617830816899435,-4.890423957501547,0.4552645981311798,0.2352103888988495,0.27782949805259705,0.0,0.0,0.0,-0.4238772392272949,0.0,0.0,0.0,0.0,0.0,0.0,0
1785981683,624194860,100.0,-1.58447772661318,-1.5441411177264612,-1.1327016989337366,-4.61784273782839,-4.890339676533834,0.4485766589641571,0.2333056926727295,0.2783791720867157,0.0,0.0,0.0,-0.42528340220451355,0.0,0.0,0.0,0.0,0.0,0.0,0
1785981683,643942356,100.0,-1.5789383093463343,-1.5374534765826624,-1.1327255407916468,-4.617854777966635,-4.890351716672079,0.438149631023407,0.23547883331775665,0.275669127702713,0.0,0.0,0.0,-0.4250916540622711,0.0,0.0,0.0,0.0,0.0,0.0,0
1785981683,664183378,100.0,-1.5753291288958948,-1.532994572316305,-1.1326773802386683,-4.617854777966635,-4.890399638806478,0.43125757575035095,0.2363736629486084,0.2760526239871979,0.0,0.0,0.0,-0.42406898736953735,0.0,0.0,0.0,0.0,0.0,0.0,0
1785981683,683943986,100.0,-1.5696452299701136,-1.52641469637026,-1.1327016989337366,-4.61784273782839,-4.890351716672079,0.4210219383239746,0.23547883331775665,0.2771519720554352,0.0,0.0,0.0,-0.42227935791015625,0.0,0.0,0.0,0.0,0.0,0.0,0
1785981683,704023122,100.0,-1.565808121358053,-1.5220158735858362,-1.1326773802386683,-4.61784273782839,-4.890435997639791,0.41430965065956116,0.2334207445383072,0.27754825353622437,0.0,0.0,0.0,-0.42401787638664246,0.0,0.0,0.0,0.0,0.0,0.0,0
1785981683,724076032,100.0,-1.5600646177874964,-1.5153759161578577,-1.1326897780047815,-4.61781877676119,-4.890363637601034,0.4039897322654724,0.23802268505096436,0.28050118684768677,0.0,0.0,0.0,-0.42406898736953735,0.0,0.0,0.0,0.0,0.0,0.0,0
1785981683,744160175,100.0,-1.5563119093524378,-1.5109646956073206,-1.1327136198626917,-4.617902700101034,-4.890399638806478,0.39708569645881653,0.23528708517551422,0.2814982533454895,0.0,0.0,0.0,-0.42314860224723816,0.0,0.0,0.0,0.0,0.0,0.0,0
1785981683,763950347,100.0,-1.5506637732135218,-1.504181210194723,-1.1327016989337366,-4.617890659962789,-4.890423957501547,0.3868856132030487,0.23941606283187866,0.2803861200809479,0.0,0.0,0.0,-0.4188534617424011,0.0,0.0,0.0,0.0,0.0,0.0,0
1785981683,784159183,100.0,-1.5470426718341272,-1.4997823874102991,-1.1326540152179163,-4.61781877676119,-4.890351716672079,0.38007745146751404,0.2376519739627838,0.27776557207107544,0.0,0.0,0.0,-0.42055362462997437,0.0,0.0,0.0,0.0,0.0,0.0,0
1785981683,803967714,100.0,-1.5414555708514612,-1.4932268301593226,-1.1326897780047815,-4.617806855832235,-4.890363637601034,0.3698054850101471,0.2332545667886734,0.2748638093471527,0.0,0.0,0.0,-0.4158366322517395,0.0,0.0,0.0,0.0,0.0,0.0,0
1785981683,824134588,100.0,-1.5378344694720667,-1.4889119307147425,-1.1327374617206019,-4.617854777966635,-4.890351716672079,0.36308082938194275,0.23395764827728271,0.2740456759929657,0.0,0.0,0.0,-0.4125002324581146,0.0,0.0,0.0,0.0,0.0,0.0,0
1785981683,843952655,100.0,-1.5321391264544886,-1.4823439756976526,-1.132749382649557,-4.61781877676119,-4.890375677739279,0.3531440198421478,0.23184841871261597,0.2735726833343506,0.0,0.0,0.0,-0.41460946202278137,0.0,0.0,0.0,0.0,0.0,0.0,0
1785981683,863991022,100.0,-1.5283382574664515,-1.4779093901263636,-1.1326897780047815,-4.61781877676119,-4.890363637601034,0.34652724862098694,0.22977754473686218,0.2728440463542938,0.0,0.0,0.0,-0.41446882486343384,0.0,0.0,0.0,0.0,0.0,0.0,0
1785981683,883972883,100.0,-1.5227387587176722,-1.471245590840475,-1.1326897780047815,-4.61784273782839,-4.890399638806478,0.3363863527774811,0.2315799742937088,0.2693670392036438,0.0,0.0,0.0,-0.4101097583770752,0.0,0.0,0.0,0.0,0.0,0.0,0
1785981683,904194116,100.0,-1.5191062132464808,-1.4669550100909632,-1.1327255407916468,-4.61786669889559,-4.890363637601034,0.32982948422431946,0.23037835955619812,0.26666978001594543,0.0,0.0,0.0,-0.40453630685806274,0.0,0.0,0.0,0.0,0.0,0.0,0
1785981683,923962831,100.0,-1.513770882283346,-1.460686508809225,-1.1327016989337366,-4.617806855832235,-4.890375677739279,0.3201439678668976,0.22647948563098907,0.2648545801639557,0.0,0.0,0.0,-0.401902973651886,0.0,0.0,0.0,0.0,0.0,0.0,0
1785981683,944221735,100.0,-1.5101855436908167,-1.4564922491656702,-1.1327016989337366,-4.617854777966635,-4.890399638806478,0.31369495391845703,0.22304080426692963,0.2633078098297119,0.0,0.0,0.0,-0.39898842573165894,0.0,0.0,0.0,0.0,0.0,0.0,0
1785981683,963986873,100.0,-1.504958454762594,-1.4502361456500452,-1.1326897780047815,-4.61781877676119,-4.890387598668234,0.30408135056495667,0.21636798977851868,0.25992026925086975,0.0,0.0,0.0,-0.39690476655960083,0.0,0.0,0.0,0.0,0.0,0.0,0
1785981683,985275506,100.0,-1.4996588865863245,-1.4439080397235315,-1.1326897780047815,-4.61781877676119,-4.890412036572592,0.29467111825942993,0.22026686370372772,0.25460246205329895,0.0,0.0,0.0,-0.39089664816856384,0.0,0.0,0.0,0.0,0.0,0.0,0
1785981684,3893613,100.0,-1.4961097876178187,-1.4397972265826624,-1.1326773802386683,-4.617806855832235,-4.890351716672079,0.28848540782928467,0.21727560460567474,0.25274890661239624,0.0,0.0,0.0,-0.3898356556892395,0.0,0.0,0.0,0.0,0.0,0.0,0
1785981684,24169921,100.0,-1.4926207701312464,-1.4357464949237269,-1.1327255407916468,-4.617830816899435,-4.890387598668234,0.28226369619369507,0.2140670269727707,0.24968095123767853,0.0,0.0,0.0,-0.38554051518440247,0.0,0.0,0.0,0.0,0.0,0.0,0
1785981684,43927907,100.0,-1.4875372091876429,-1.4297540823565882,-1.1326540152179163,-4.61786669889559,-4.890399638806478,0.27299728989601135,0.21631686389446259,0.24727770686149597,0.0,0.0,0.0,-0.3803505301475525,0.0,0.0,0.0,0.0,0.0,0.0,0
1785981684,64014434,100.0,-1.4841802755938929,-1.4259427229510706,-1.1326659361468714,-4.61786669889559,-4.890375677739279,0.2670516073703766,0.20949064195156097,0.24327658116817474,0.0,0.0,0.0,-0.3731280565261841,0.0,0.0,0.0,0.0,0.0,0.0,0
1785981684,83961248,100.0,-1.4793842474566858,-1.420190159474508,-1.1326540152179163,-4.617854777966635,-4.890412036572592,0.2583005130290985,0.19898287951946259,0.2407582849264145,0.0,0.0,0.0,-0.36791253089904785,0.0,0.0,0.0,0.0,0.0,0.0,0
1785981684,104094743,100.0,-1.4762910048114222,-1.4163911978351038,-1.1327255407916468,-4.617806855832235,-4.890423957501547,0.252474308013916,0.19871443510055542,0.23590068519115448,0.0,0.0,0.0,-0.365291953086853,0.0,0.0,0.0,0.0,0.0,0.0,0
1785981684,123973846,100.0,-1.4714959303485315,-1.4106624762164515,-1.1327016989337366,-4.61784273782839,-4.890412036572592,0.24374715983867645,0.19401022791862488,0.22849923372268677,0.0,0.0,0.0,-0.35560232400894165,0.0,0.0,0.0,0.0,0.0,0.0,0
1785981684,145641803,100.0,-1.4666879812823694,-1.4051616827594202,-1.1327016989337366,-4.61786669889559,-4.890387598668234,0.2354394644498825,0.1913129687309265,0.2240123301744461,0.0,0.0,0.0,-0.3462066948413849,0.0,0.0,0.0,0.0,0.0,0.0,0
1785981684,163949251,100.0,-1.4635465780841272,-1.4014704863177698,-1.1326897780047815,-4.617830816899435,-4.890387598668234,0.23003271222114563,0.19156864285469055,0.21994727849960327,0.0,0.0,0.0,-0.34040313959121704,0.0,0.0,0.0,0.0,0.0,0.0,0
1785981684,185447692,100.0,-1.459243122731344,-1.3962929884540003,-1.1326897780047815,-4.617806855832235,-4.890387598668234,0.22201263904571533,0.1837325543165207,0.21466782689094543,0.0,0.0,0.0,-0.33420330286026,0.0,0.0,0.0,0.0,0.0,0.0,0
1785981684,204065322,100.0,-1.456353489552633,-1.3929732481585901,-1.1326773802386683,-4.617830816899435,-4.890387598668234,0.21677403151988983,0.17569193243980408,0.20998919010162354,0.0,0.0,0.0,-0.32498660683631897,0.0,0.0,0.0,0.0,0.0,0.0,0
1785981684,225189685,100.0,-1.4523733297931116,-1.3880723158465784,-1.1327255407916468,-4.617854777966635,-4.890435997639791,0.209101140499115,0.17031021416187286,0.20281782746315002,0.0,0.0,0.0,-0.30822786688804626,0.0,0.0,0.0,0.0,0.0,0.0,0
1785981684,243961572,100.0,-1.4496758619891565,-1.3848603407489222,-1.1327136198626917,-4.617878739033834,-4.890375677739279,0.2042456567287445,0.1672678291797638,0.1987527757883072,0.0,0.0,0.0,-0.30503207445144653,0.0,0.0,0.0,0.0,0.0,0.0,0
1785981684,263971805,100.0,-1.4470985571490687,-1.3817442099200647,-1.1326897780047815,-4.617902700101034,-4.890435997639791,0.19949840009212494,0.16353513300418854,0.19243788719177246,0.0,0.0,0.0,-0.29805245995521545,0.0,0.0,0.0,0.0,0.0,0.0,0
1785981684,284007310,100.0,-1.4430702368365687,-1.377070728932516,-1.1326773802386683,-4.617830816899435,-4.890399638806478,0.19247302412986755,0.15862640738487244,0.18690277636051178,0.0,0.0,0.0,-0.29031866788864136,0.0,0.0,0.0,0.0,0.0,0.0,0
1785981684,305195331,100.0,-1.439101521168844,-1.3726723829852503,-1.1326773802386683,-4.6177948156939905,-4.890375677739279,0.1856633573770523,0.15555843710899353,0.18002542853355408,0.0,0.0,0.0,-0.27656397223472595,0.0,0.0,0.0,0.0,0.0,0.0,0
1785981684,323978900,100.0,-1.4365599791156214,-1.369784180318014,-1.1326540152179163,-4.61781877676119,-4.890399638806478,0.1813954859972,0.15010002255439758,0.1728157252073288,0.0,0.0,0.0,-0.2677052319049835,0.0,0.0,0.0,0.0,0.0,0.0,0
1785981684,344012260,100.0,-1.4342463652240198,-1.3670762220965784,-1.1326897780047815,-4.61786669889559,-4.890387598668234,0.17713958024978638,0.14355504512786865,0.1727645844221115,0.0,0.0,0.0,-0.26049551367759705,0.0,0.0,0.0,0.0,0.0,0.0,0
1785981684,363973140,100.0,-1.4309495131122034,-1.3632052580462855,-1.1327255407916468,-4.61784273782839,-4.890399638806478,0.1711568385362625,0.1297108680009842,0.16019873321056366,0.0,0.0,0.0,-0.24431201815605164,0.0,0.0,0.0,0.0,0.0,0.0,0
1785981684,384256601,100.0,-1.4290316740619105,-1.3606403509723108,-1.1327016989337366,-4.61786669889559,-4.890423957501547,0.1673203855752945,0.12459759414196014,0.15590357780456543,0.0,0.0,0.0,-0.23665489256381989,0.0,0.0,0.0,0.0,0.0,0.0,0
1785981684,403923749,100.0,-1.426202122365133,-1.357093636189596,-1.1326897780047815,-4.61781877676119,-4.890375677739279,0.1618293672800064,0.12154241651296616,0.14430925250053406,0.0,0.0,0.0,-0.22373110055923462,0.0,0.0,0.0,0.0,0.0,0.0,0
1785981684,424212217,100.0,-1.4243195692645472,-1.3548162619220179,-1.1326773802386683,-4.617854777966635,-4.890435997639791,0.15829288959503174,0.11832105368375778,0.1397072970867157,0.0,0.0,0.0,-0.212737575173378,0.0,0.0,0.0,0.0,0.0,0.0,0
1785981684,443931102,100.0,-1.4215624968158167,-1.3515566031085413,-1.1326540152179163,-4.617806855832235,-4.890412036572592,0.15329322218894958,0.11374467611312866,0.12893109023571014,0.0,0.0,0.0,-0.20115602016448975,0.0,0.0,0.0,0.0,0.0,0.0,0
1785981684,465544462,100.0,-1.4189131895648401,-1.3484767119037073,-1.1326659361468714,-4.61786669889559,-4.890435997639791,0.14861750602722168,0.10534613579511642,0.11942040920257568,0.0,0.0,0.0,-0.1837325543165207,0.0,0.0,0.0,0.0,0.0,0.0,0
1785981684,483970403,100.0,-1.417330567036764,-1.346595589314596,-1.1326897780047815,-4.61784273782839,-4.890399638806478,0.14581169188022614,0.09754839539527893,0.11228739470243454,0.0,0.0,0.0,-0.1707320660352707,0.0,0.0,0.0,0.0,0.0,0.0,0
1785981684,504193782,100.0,-1.4157841841327112,-1.3448341528521937,-1.1326659361468714,-4.61781877676119,-4.890423957501547,0.1431620568037033,0.09196215122938156,0.10463027656078339,0.0,0.0,0.0,-0.15972575545310974,0.0,0.0,0.0,0.0,0.0,0.0,0
1785981684,524073362,100.0,-1.4137819449054163,-1.34247333208193,-1.1326301733600062,-4.617854777966635,-4.890387598668234,0.13956566154956818,0.07905114442110062,0.09317655116319656,0.0,0.0,0.0,-0.14205940067768097,0.0,0.0,0.0,0.0,0.0,0.0,0
1785981684,544766664,100.0,-1.412067715321676,-1.3404119650470179,-1.1326659361468714,-4.617854777966635,-4.890423957501547,0.1363040804862976,0.06845389306545258,0.08105809986591339,0.0,0.0,0.0,-0.12845811247825623,0.0,0.0,0.0,0.0,0.0,0.0,0
1785981684,563939332,100.0,-1.4109528700457972,-1.3391535917865198,-1.1327136198626917,-4.617878739033834,-4.890423957501547,0.134337916970253,0.06505356729030609,0.07400178909301758,0.0,0.0,0.0,-0.11791199445724487,0.0,0.0,0.0,0.0,0.0,0.0,0
1785981684,584627866,100.0,-1.4094422499286097,-1.3375361601458948,-1.1327136198626917,-4.61786669889559,-4.890363637601034,0.13173621892929077,0.05698738619685173,0.06487460434436798,0.0,0.0,0.0,-0.10230373591184616,0.0,0.0,0.0,0.0,0.0,0.0,0
1785981684,603958129,100.0,-1.4086030165301722,-1.3365171591388147,-1.1326540152179163,-4.61784273782839,-4.890399638806478,0.130141943693161,0.04779628664255142,0.06013204902410507,0.0,0.0,0.0,-0.09027477353811264,0.0,0.0,0.0,0.0,0.0,0.0,0
1785981684,624135494,100.0,-1.4078477064715784,-1.3356903235064905,-1.1327016989337366,-4.617806855832235,-4.890375677739279,0.12878698110580444,0.040458742529153824,0.051171042025089264,0.0,0.0,0.0,-0.07660955935716629,0.0,0.0,0.0,0.0,0.0,0.0,0
1785981684,643957614,100.0,-1.4069727102862757,-1.33459979692568,-1.1326897780047815,-4.617854777966635,-4.890399638806478,0.12720468640327454,0.029043370857834816,0.036316994577646255,0.0,0.0,0.0,-0.05578576773405075,0.0,0.0,0.0,0.0,0.0,0.0,0
1785981684,664894580,100.0,-1.4064577261554163,-1.333916966115133,-1.1326540152179163,-4.61786669889559,-4.890412036572592,0.12611337006092072,0.01955825462937355,0.022523952648043633,0.0,0.0,0.0,-0.03441230207681656,0.0,0.0,0.0,0.0,0.0,0.0,0
1785981684,683903455,100.0,-1.406205956135885,-1.3336289564715784,-1.1326420942889612,-4.617806855832235,-4.890412036572592,0.1256576031446457,0.0089993542060256,0.014917963184416294,0.0,0.0,0.0,-0.02082378976047039,0.0,0.0,0.0,0.0,0.0,0.0,0
1785981684,704270124,100.0,-1.406097714100973,-1.3334735075580042,-1.1326773802386683,-4.61784273782839,-4.890412036572592,0.1253819614648819,0.0044229780323803425,0.008283496834337711,0.0,0.0,0.0,-0.010763431899249554,0.0,0.0,0.0,0.0,0.0,0.0,0
1785981684,723942518,100.0,-1.4061701933490198,-1.3335092703448694,-1.1327016989337366,-4.61784273782839,-4.890375677739279,0.12539394199848175,0.001035437104292214,-0.0007542072562500834,0.0,0.0,0.0,-0.001291100517846644,0.0,0.0,0.0,0.0,0.0,0.0,0
1785981684,744090557,100.0,-1.4063857237445276,-1.3337252775775355,-1.1326897780047815,-4.617878739033834,-4.8898120562182825,0.12516586482524872,-0.017909226939082146,-0.01780696026980877,0.0,0.0,0.052682653069496155,-0.01569773629307747,0.0,0.0,0.0,0.0,0.0,0.0,0
1785981684,763958454,100.0,-1.4069607893573206,-1.3341925779925745,-1.1325820128070276,-4.617854777966635,-4.888097111378805,0.12459062784910202,-0.03305728733539581,-0.030040457844734192,0.009707222692668438,0.0,0.08882708102464676,-0.03280162438750267,0.0,0.0,0.0,0.0,0.0,0.0,0
1785981684,785277128,100.0,-1.4079201857196253,-1.3350909391986292,-1.1323064009295862,-4.617962662373678,-4.885159198437826,0.12363151460886002,-0.04791133478283882,-0.04592994228005409,0.027707528322935104,-0.004026699811220169,0.14709438383579254,-0.04737444221973419,0.0,0.0,0.0,0.0,0.0,0.0,0
1785981684,803932428,100.0,-1.4088552633868616,-1.3358939329730433,-1.132019344960348,-4.618202630673544,-4.882712904606954,0.12274430692195892,-0.057613763958215714,-0.05531278997659683,0.03214169293642044,-0.007190535310655832,0.17724668979644775,-0.057549845427274704,0.0,0.0,0.0,0.0,0.0,0.0,0
1785981684,825319528,100.0,-1.4104974905597132,-1.3374398390399378,-1.131444279347555,-4.61846632162203,-4.878035966550009,0.12114965915679932,-0.07375890761613846,-0.07209710031747818,0.023608924821019173,-0.005872270558029413,0.21566812694072723,-0.07209710031747818,0.0,0.0,0.0,0.0,0.0,0.0,0
1785981684,843935728,100.0,-1.4117444197284144,-1.3386381308185022,-1.1309774557696741,-4.618634049092428,-4.874414507542745,0.11991490423679352,-0.0851103663444519,-0.08057234436273575,0.02624545432627201,-0.008077368140220642,0.2461320161819458,-0.08204241096973419,0.0,0.0,0.0,0.0,0.0,0.0,0
1785981684,865268230,100.0,-1.4140456358539026,-1.3407233397113245,-1.1302350203143519,-4.619053546582357,-4.867782775555746,0.11778058856725693,-0.1000155508518219,-0.09270357340574265,0.03218962997198105,-0.0349220335483551,0.28901156783103943,-0.0941225066781044,0.0,0.0,0.0,0.0,0.0,0.0,0
1785981684,884033441,100.0,-1.4156883398639124,-1.3423054854022425,-1.1297200361834925,-4.619305197392599,-4.862794343625204,0.11618594080209732,-0.11086846143007278,-0.10160066187381744,0.03434678912162781,-0.027611656114459038,0.30734744668006897,-0.10441295802593231,0.0,0.0,0.0,0.0,0.0,0.0,0
1785981684,904146194,100.0,-1.4175942579852503,-1.3440430800067347,-1.1291092077838343,-4.61960477033724,-4.857577864323751,0.1145193874835968,-0.12175972759723663,-0.1103571355342865,0.0397157222032547,-0.028067056089639664,0.33726006746292114,-0.11176328361034393,0.0,0.0,0.0,0.0,0.0,0.0,0
1785981684,924001932,100.0,-1.420591179524557,-1.346846882496969,-1.1281750837909144,-4.620144430791036,-4.849314753209249,0.11160609126091003,-0.13111701607704163,-0.1234726756811142,0.04441354051232338,-0.020852552726864815,0.36932986974716187,-0.12733319401741028,0.0,0.0,0.0,0.0,0.0,0.0,0
1785981684,944024562,100.0,-1.422701660786764,-1.348872486745016,-1.1274092833148401,-4.620576326047079,-4.84321099916567,0.1095556691288948,-0.13951554894447327,-0.13151328265666962,0.04604339227080345,-0.023393208160996437,0.4056420624256134,-0.1348496973514557,0.0,0.0,0.0,0.0,0.0,0.0,0
1785981684,963965654,100.0,-1.426202122365133,-1.3522637526141565,-1.1263311545001429,-4.621175471936361,-4.832657758389608,0.10624652355909348,-0.15585245192050934,-0.14166313409805298,0.0457557737827301,-0.030847396701574326,0.43529102206230164,-0.14879614114761353,0.0,0.0,0.0,0.0,0.0,0.0,0
1785981684,984153747,100.0,-1.4287193457232874,-1.3546727339373987,-1.1255295912372034,-4.621631328259603,-4.825342837964193,0.10378863662481308,-0.16632187366485596,-0.14632898569107056,0.04839230328798294,-0.030703585594892502,0.45103830099105835,-0.15888206660747528,0.0,0.0,0.0,0.0,0.0,0.0,0
1785981685,3972768,100.0,-1.4327357451068323,-1.3582914511310022,-1.1242716948138636,-4.622374240552084,-4.814225975667135,0.09992821514606476,-0.1742090880870819,-0.15886928141117096,0.056301891803741455,-0.030991205945611,0.49549978971481323,-0.16924922168254852,0.0,0.0,0.0,0.0,0.0,0.0,0
1785981685,24256944,100.0,-1.4356606642352503,-1.360868279133932,-1.1232898871051233,-4.622865978871481,-4.806047503148214,0.09714637696743011,-0.1822369247674942,-0.16678206622600555,0.054312508553266525,-0.030224217101931572,0.5226320624351501,-0.1754234880208969,0.0,0.0,0.0,0.0,0.0,0.0,0
1785981685,43946027,100.0,-1.440324608479635,-1.3650148550616663,-1.121972386037008,-4.62368089357485,-4.793084327374594,0.09286576509475708,-0.19548028707504272,-0.17851701378822327,0.06035256013274193,-0.037342846393585205,0.5461451411247253,-0.18936993181705475,0.0,0.0,0.0,0.0,0.0,0.0,0
1785981685,64222574,100.0,-1.4436095396624964,-1.367950741444723,-1.120991055165426,-4.62428051630129,-4.784390155469076,0.08971278369426727,-0.20202527940273285,-0.18469129502773285,0.061958447098731995,-0.03887682780623436,0.5708565711975098,-0.19579987227916718,0.0,0.0,0.0,0.0,0.0,0.0,0
1785981685,83973884,100.0,-1.448512379323141,-1.3725045363055628,-1.1194823423968714,-4.62507146993746,-4.769819919263021,0.08497639745473862,-0.20955456793308258,-0.19889339804649353,0.06344448775053024,-0.03202185034751892,0.5996426939964294,-0.20267722010612488,0.0,0.0,0.0,0.0,0.0,0.0,0
1785981685,104294538,100.0,-1.4520133177386683,-1.3757641951190394,-1.1184399763690394,-4.625658694897787,-4.7599385420428675,0.0817151889204979,-0.21590779721736908,-0.20412170886993408,0.06826214492321014,-0.0433109886944294,0.611027717590332,-0.208928182721138,0.0,0.0,0.0,0.0,0.0,0.0,0
1785981685,123928070,100.0,-1.4572885672198694,-1.3807137648211878,-1.1167634169207972,-4.626665774975912,-4.744864646588461,0.07660765945911407,-0.22849923372268677,-0.21214954555034637,0.07005978375673294,-0.04014715552330017,0.6459497213363647,-0.21854113042354584,0.0,0.0,0.0,0.0,0.0,0.0,0
1785981685,144236326,100.0,-1.4608734289752405,-1.3842127958880823,-1.115554157887594,-4.627277318631307,-4.734119717274801,0.07307044416666031,-0.23298612236976624,-0.21625295281410217,0.07226487994194031,-0.042040660977363586,0.6597076654434204,-0.22807738184928894,0.0,0.0,0.0,0.0,0.0,0.0,0
1785981685,163939952,100.0,-1.4665682951556605,-1.389521900807516,-1.113758389149801,-4.628212515507833,-4.718206588421957,0.06753110885620117,-0.24560311436653137,-0.22255505621433258,0.08225972205400467,-0.03978762775659561,0.6955404877662659,-0.23714065551757812,0.0,0.0,0.0,0.0,0.0,0.0,0
1785981685,184176206,100.0,-1.4706204573260706,-1.3930571714984339,-1.1126082579242151,-4.628931585942404,-4.706550423298971,0.06355009973049164,-0.2489650845527649,-0.22917672991752625,0.07832890003919601,-0.045827679336071014,0.7112637758255005,-0.2435322403907776,0.0,0.0,0.0,0.0,0.0,0.0,0
1785981685,203908920,100.0,-1.4769027868853968,-1.3986542860614222,-1.110788647328512,-4.630070392285482,-4.689438048993246,0.057567350566387177,-0.2578238248825073,-0.24096281826496124,0.08202003687620163,-0.0445333831012249,0.7349206209182739,-0.25009000301361084,0.0,0.0,0.0,0.0,0.0,0.0,0
1785981685,224153757,100.0,-1.4810870329486292,-1.4025734106646937,-1.1094477812396448,-4.630801860486166,-4.677254144345419,0.053598325699567795,-0.26822933554649353,-0.2481597512960434,0.08568721264600754,-0.04355067387223244,0.7585535049438477,-0.25326022505760193,0.0,0.0,0.0,0.0,0.0,0.0,0
1785981685,243976116,100.0,-1.4875252882586878,-1.408661190663473,-1.1074360052691858,-4.631832424794332,-4.659062449132101,0.04742345213890076,-0.27274179458618164,-0.25430846214294434,0.0926859974861145,-0.043239086866378784,0.7799813151359558,-0.2618633210659027,0.0,0.0,0.0,0.0,0.0,0.0,0
1785981685,265455722,100.0,-1.49402362505068,-1.4149530569659632,-1.1053527037249964,-4.632935349141256,-4.639623705540792,0.04122423753142357,-0.28211185336112976,-0.2582584619522095,0.08957009762525558,-0.05162804201245308,0.7987006902694702,-0.27239665389060974,0.0,0.0,0.0,0.0,0.0,0.0,0
1785981685,284304618,100.0,-1.4984596411334437,-1.4191234747516077,-1.1039393583880823,-4.633762661610739,-4.6268526951419275,0.03685973212122917,-0.2825848460197449,-0.2606489062309265,0.09549030661582947,-0.05158010497689247,0.811499834060669,-0.2803861200809479,0.0,0.0,0.0,0.0,0.0,0.0,0
1785981685,304123878,100.0,-1.5054495970355433,-1.4253914991961878,-1.1016643683062952,-4.63500947157015,-4.606730405484335,0.030096882954239845,-0.29359114170074463,-0.26592835783958435,0.09285377711057663,-0.04891960695385933,0.8278223276138306,-0.28656038641929626,0.0,0.0,0.0,0.0,0.0,0.0,0
1785981685,324064970,100.0,-1.5101378599749964,-1.4296582380877894,-1.1002395788775843,-4.635800782834188,-4.593551460896627,0.025492694228887558,-0.29365506768226624,-0.27286961674690247,0.09496299922466278,-0.05433647707104683,0.8436415195465088,-0.2880176901817322,0.0,0.0,0.0,0.0,0.0,0.0,0
1785981685,344288825,100.0,-1.517343823109762,-1.4362857977496546,-1.0979645887957972,-4.637059036885397,-4.572542015706198,0.018514130264520645,-0.30765262246131897,-0.28475797176361084,0.0993252620100975,-0.054192665964365005,0.8545231819152832,-0.29238954186439514,0.0,0.0,0.0,0.0,0.0,0.0,0
1785981685,364056110,100.0,-1.5222953001605433,-1.440899674092428,-1.0964434782611292,-4.637826506291525,-4.5589556137668055,0.013921924866735935,-0.30962124466896057,-0.2849752902984619,0.10009224712848663,-0.05397694930434227,0.8703423738479614,-0.2947799861431122,0.0,0.0,0.0,0.0,0.0,0.0,0
1785981685,384249448,100.0,-1.5297530333148401,-1.4478991667376917,-1.0941208044635218,-4.6390971581088465,-4.53763455549349,0.006823143921792507,-0.31735506653785706,-0.2888357937335968,0.09582586586475372,-0.05330583453178406,0.8777965903282166,-0.3036770820617676,0.0,0.0,0.0,0.0,0.0,0.0,0
1785981685,404063940,100.0,-1.5348251501666468,-1.4525850454913538,-1.0925162474261683,-4.640020314847128,-4.52362841764559,0.0020024890545755625,-0.31197336316108704,-0.2877492308616638,0.09712016582489014,-0.05385711044073105,0.9032270908355713,-0.3077165484428406,0.0,0.0,0.0,0.0,0.0,0.0,0
1785981685,423959970,100.0,-1.5423911253558558,-1.4594767729388636,-1.089989964162008,-4.641350928937094,-4.501947824154989,-0.005479160939351857,-0.32122835516929626,-0.2932204306125641,0.09946907311677933,-0.05632586032152176,0.9117119312286377,-0.31111687421798706,0.0,0.0,0.0,0.0,0.0,0.0,0
1785981685,444038629,100.0,-1.5474985281573694,-1.4641745726214808,-1.0883973280536097,-4.642237726842062,-4.487006489430563,-0.010491673146383107,-0.3198222219944,-0.2999315857887268,0.09886986017227173,-0.05704491212964058,0.9277468323707581,-0.31019648909568787,0.0,0.0,0.0,0.0,0.0,0.0,0
1785981685,464120149,100.0,-1.5551722685443323,-1.471461598073141,-1.08594257036318,-4.643616382275717,-4.4651106039630335,-0.01792604127992803,-0.33803823590278625,-0.3087008595466614,0.10069146007299423,-0.056062206625938416,0.9388442039489746,-0.31768742203712463,0.0,0.0,0.0,0.0,0.0,0.0,0
1785981685,484050273,100.0,-1.560460392628805,-1.4764111677752894,-1.0843022505389612,-4.6445035378085535,-4.4495936075793665,-0.022950474415914357,-0.33330845832824707,-0.30949342250823975,0.10083527117967606,-0.05843508243560791,0.9447644352912903,-0.3221743106842041,0.0,0.0,0.0,0.0,0.0,0.0,0
1785981685,503979444,100.0,-1.568709675465719,-1.4839380423175257,-1.0818355719195765,-4.645918075238363,-4.427050177250997,-0.030660931264058888,-0.33879244327545166,-0.30632320046424866,0.10071542859077454,-0.05069327354431152,0.9596967697143555,-0.32324811816215515,0.0,0.0,0.0,0.0,0.0,0.0,0
1785981685,524141073,100.0,-1.5740817228900355,-1.4888995329486292,-1.080219570790426,-4.646817270909445,-4.4119054714785975,-0.035949055348531544,-0.3359290063381195,-0.311717689037323,0.10606039315462112,-0.059969063848257065,0.9553585052490234,-0.3258175253868103,0.0,0.0,0.0,0.0,0.0,0.0,0
1785981685,543920278,100.0,-1.5818279425250452,-1.4961870352374476,-1.0777886549579065,-4.648327652608053,-4.388522688542501,-0.04373151460756475,-0.33970004320144653,-0.31602561473846436,0.1052934005856514,-0.05826730281114578,0.9679898619651794,-0.3273131549358368,0.0,0.0,0.0,0.0,0.0,0.0,0
1785981685,564105510,100.0,-1.587379280720846,-1.5012686888324183,-1.076064411793844,-4.649262372647421,-4.373090449963705,-0.048983399068013966,-0.34462156891822815,-0.3188379108905792,0.11044662445783615,-0.05922604352235794,0.9760672450065613,-0.33081573247909546,0.0,0.0,0.0,0.0,0.0,0.0,0
1785981685,584193229,100.0,-1.5956772009478968,-1.5088074843036097,-1.0734780470477503,-4.650652949010031,-4.349636141453878,-0.05694610277284795,-0.3427424430847168,-0.3197327256202698,0.10752247273921967,-0.058890484273433685,0.974605143070221,-0.33312949538230896,0.0,0.0,0.0,0.0,0.0,0.0,0
1785981685,604141473,100.0,-1.6011455694781702,-1.513913933430807,-1.0717061201678675,-4.651527825986044,-4.333868328724996,-0.06230622926820928,-0.3427424430847168,-0.3197327256202698,0.11051853001117706,-0.05951366201043129,0.9901127219200134,-0.3318895399570465,0.0,0.0,0.0,0.0,0.0,0.0,0
1785981685,624020814,100.0,-1.6094673315631312,-1.5214999357806605,-1.0691192785846155,-4.652906719838278,-4.31024665037264,-0.07025653520692998,-0.3443659245967865,-0.32117724418640137,0.11111773550510406,-0.05584648996591568,0.9869728684425354,-0.33116090297698975,0.0,0.0,0.0,0.0,0.0,0.0,0
1785981685,644085168,100.0,-1.6149595419513147,-1.5266302267657679,-1.0672996679889124,-4.653889838849203,-4.2941429058658045,-0.07560521761049444,-0.3541194796562195,-0.3250121772289276,0.11305918544530869,-0.062198128551244736,0.9909756183624268,-0.3315316140651703,0.0,0.0,0.0,0.0,0.0,0.0,0
1785981685,663959741,100.0,-1.6233776251422327,-1.5344451109515589,-1.0646899382220667,-4.655448142682211,-4.27030593553652,-0.08354312578310186,-0.34963259100914,-0.3262649476528168,0.10730675607919693,-0.059010326862335205,0.9981182217597961,-0.3363892138004303,0.0,0.0,0.0,0.0,0.0,0.0,0
1785981685,684090137,100.0,-1.6290491263019007,-1.5397308508502405,-1.0629170576678675,-4.656406823788778,-4.254238669072286,-0.08896381059755498,-0.3509364724159241,-0.3252934217453003,0.1095358207821846,-0.06404370069503784,0.9845760464668274,-0.3381405174732208,0.0,0.0,0.0,0.0,0.0,0.0,0
1785981685,704178333,100.0,-1.6374190489398401,-1.5474737326251429,-1.0602591673480433,-4.657809440289633,-4.230293814335958,-0.0971906820880335,-0.34593823552131653,-0.32133063673973083,0.11142932623624802,-0.0625576600432396,0.9893936514854431,-0.3327587842941284,0.0,0.0,0.0,0.0,0.0,0.0,0
1785981685,724043369,100.0,-1.6429832617389124,-1.5526393095599573,-1.0584271589862269,-4.658852402363912,-4.214778486882345,-0.10265905061830694,-0.3515372574329376,-0.3219442367553711,0.10826548933982849,-0.062198128551244736,0.9957692623138428,-0.3315316140651703,0.0,0.0,0.0,0.0,0.0,0.0,0
1785981685,743899583,100.0,-1.6513298193561,-1.5602987448321741,-1.055816952382223,-4.660290900860922,-4.190474335347311,-0.11066943803896123,-0.3514222204685211,-0.3250505328178406,0.10987138003110886,-0.06454703956842422,0.9826825261116028,-0.3315316140651703,0.0,0.0,0.0,0.0,0.0,0.0,0
1785981685,764140367,100.0,-1.6569903532611292,-1.5655368010150355,-1.0541403929339808,-4.661309544240133,-4.174563471470968,-0.11598188081850225,-0.34669244289398193,-0.32467982172966003,0.10694722831249237,-0.06087986379861832,0.9880993962287903,-0.33330845832824707,0.0,0.0,0.0,0.0,0.0,0.0,0
1785981685,784166574,100.0,-1.665372673665182,-1.5732434431659144,-1.0516021887408655,-4.662736002598898,-4.15109903017153,-0.12402898470033819,-0.3462066948413849,-0.31914469599723816,0.10606039315462112,-0.056781258434057236,0.9909756183624268,-0.33168500661849976,0.0,0.0,0.0,0.0,0.0,0.0,0
1785981685,804181814,100.0,-1.6709726492511194,-1.5783498922931116,-1.0499017874347132,-4.663695160542623,-4.136051718388693,-0.12935334840883428,-0.34150248765945435,-0.31717610359191895,0.11128551512956619,-0.05850698798894882,0.9792070984840393,-0.3280034363269806,0.0,0.0,0.0,0.0,0.0,0.0,0
1785981685,824513673,100.0,-1.6791155974017542,-1.585865322743551,-1.0473154226886194,-4.665085736905233,-4.112468067799703,-0.1373522917376917,-0.35115379095077515,-0.31874844431877136,0.10975153744220734,-0.05975334718823433,0.9854868054389954,-0.3258175253868103,0.0,0.0,0.0,0.0,0.0,0.0,0
1785981685,844017505,100.0,-1.6846683661090296,-1.5909236113177698,-1.0455077330218714,-4.666164700184957,-4.0969417730914515,-0.14260512987245733,-0.342576265335083,-0.31874844431877136,0.11399395018815994,-0.057500313967466354,0.9818435907363892,-0.33011266589164734,0.0,0.0,0.0,0.0,0.0,0.0,0
1785981685,864008665,100.0,-1.6929786841021937,-1.5985949675189417,-1.042957607899801,-4.6674469153033655,-4.073321882878439,-0.1505683104144495,-0.33925265073776245,-0.31591057777404785,0.10639595240354538,-0.06121542304754257,0.9724959135055542,-0.3268529772758484,0.0,0.0,0.0,0.0,0.0,0.0,0
1785981685,884045124,100.0,-1.698423210774557,-1.6037610212909144,-1.0411375204669397,-4.6684420744525355,-4.058119599019186,-0.1558449904071253,-0.33144211769104004,-0.3139803111553192,0.1095358207821846,-0.06215019151568413,0.9723041653633118,-0.3241301476955414,0.0,0.0,0.0,0.0,0.0,0.0,0
1785981685,904095172,100.0,-1.7065423170672815,-1.6112883726703089,-1.038670841847555,-4.669820253049032,-4.0348363558398646,-0.16366368929018194,-0.33168500661849976,-0.3104393780231476,0.10884073376655579,-0.056901101022958755,0.958761990070343,-0.31833937764167786,0.0,0.0,0.0,0.0,0.0,0.0,0
1785981685,924029350,100.0,-1.711890999470846,-1.6161554495440882,-1.037006680165426,-4.670815292988912,-4.019645754490988,-0.16877299944032842,-0.3341393768787384,-0.3054922819137573,0.1022973507642746,-0.055750615894794464,0.9592174291610718,-0.3148367702960968,0.0,0.0,0.0,0.0,0.0,0.0,0
1785981685,943794488,100.0,-1.7200225035296839,-1.623467270527975,-1.034372631703512,-4.672169868146078,-3.996842686329977,-0.17630416551698858,-0.32300522923469543,-0.3052366077899933,0.10493388026952744,-0.05644570291042328,0.9450759887695312,-0.31665199995040894,0.0,0.0,0.0,0.0,0.0,0.0,0
1785981685,964029550,100.0,-1.725239102040426,-1.6282857100116175,-1.0327680746661585,-4.6730690638171595,-3.981617037449972,-0.18137723604311162,-0.32098549604415894,-0.3036898672580719,0.10479006916284561,-0.05721269175410271,0.9331397414207458,-0.31429988145828247,0.0,0.0,0.0,0.0,0.0,0.0,0
1785981685,984072446,100.0,-1.732927147542135,-1.6355980078326624,-1.0302899519549769,-4.674351398144857,-3.9595933596240442,-0.18888456026186162,-0.3138013482093811,-0.29977819323539734,0.09798302501440048,-0.05819539725780487,0.9245589971542358,-0.3080233633518219,0.0,0.0,0.0,0.0,0.0,0.0,0
1785981686,4112482,100.0,-1.738011662160055,-1.6403926054583948,-1.0286734739886683,-4.6752745548831385,-3.944523636494772,-0.19375402132143194,-0.31568047404289246,-0.29210829734802246,0.09922938793897629,-0.057140786200761795,0.9047610759735107,-0.30498096346855164,0.0,0.0,0.0,0.0,0.0,0.0,0
1785981686,24491786,100.0,-1.745615307484762,-1.647393051777975,-1.0263503233539026,-4.67664069334139,-3.9230640570269983,-0.20109349886049444,-0.3097107410430908,-0.29031866788864136,0.09561014920473099,-0.0511486753821373,0.900854229927063,-0.2990623414516449,0.0,0.0,0.0,0.0,0.0,0.0,0
1785981686,44136524,100.0,-1.75067645708193,-1.6519959608661097,-1.024698559437887,-4.6775283257113855,-3.908989731465475,-0.2059271971331995,-0.3083173632621765,-0.2854354679584503,0.09740778058767319,-0.05730856582522392,0.884124219417572,-0.29890894889831543,0.0,0.0,0.0,0.0,0.0,0.0,0
1785981686,64393997,100.0,-1.7581842581378382,-1.658889118825094,-1.0224111715899866,-4.678798619900839,-3.8877342383014124,-0.2129305044757288,-0.2947416305541992,-0.28240588307380676,0.09040899574756622,-0.052994243800640106,0.868496835231781,-0.2933866083621979,0.0,0.0,0.0,0.0,0.0,0.0,0
1785981686,84124088,100.0,-1.7630298773394983,-1.6634553114520472,-1.0209625403033655,-4.679601613675253,-3.8741276899920862,-0.2175963560687464,-0.2944987416267395,-0.27903109788894653,0.09414807707071304,-0.052562814205884933,0.8542835116386414,-0.28707173466682434,0.0,0.0,0.0,0.0,0.0,0.0,0
1785981686,104664564,100.0,-1.770141903554098,-1.6700966993915003,-1.0188315550433558,-4.680752460156576,-3.853555981312887,-0.22449189821352178,-0.28754469752311707,-0.26952043175697327,0.08995359390974045,-0.0499502532184124,0.834054172039032,-0.2818050682544708,0.0,0.0,0.0,0.0,0.0,0.0,0
1785981686,124071836,100.0,-1.774639908467428,-1.6744721571551722,-1.017430607472555,-4.681663219128744,-3.8404651323901575,-0.22903806367983037,-0.2888357937335968,-0.26638856530189514,0.09189504384994507,-0.05078914761543274,0.8294761776924133,-0.27354714274406433,0.0,0.0,0.0,0.0,0.0,0.0,0
1785981686,144211769,100.0,-1.78156024614443,-1.6806333700763147,-1.015287224446432,-4.682838026677267,-3.820637051259176,-0.23559791246523076,-0.27979809045791626,-0.2576448619365692,0.09036105871200562,-0.05155613645911217,0.8041175603866577,-0.27037689089775085,0.0,0.0,0.0,0.0,0.0,0.0,0
1785981686,164083957,100.0,-1.78605825105776,-1.6847332159625452,-1.0138981978045862,-4.683629099522726,-3.8079898993121546,-0.2397835890399378,-0.27274179458618164,-0.2559574842453003,0.0908883661031723,-0.04585164785385132,0.792972207069397,-0.26476508378982544,0.0,0.0,0.0,0.0,0.0,0.0,0
1785981686,184566259,100.0,-1.7926061789142054,-1.6910622755633753,-1.0118630568133753,-4.684684459363119,-3.7889893690692347,-0.24592429796327764,-0.26893240213394165,-0.2498854696750641,0.0866219773888588,-0.04640292003750801,0.7657200694084167,-0.2576448619365692,0.0,0.0,0.0,0.0,0.0,0.0,0
1785981686,204185962,100.0,-1.796851936970846,-1.6949942747699183,-1.0104621092425745,-4.6854034105884,-3.7771220842944544,-0.2500260511981409,-0.2599969804286957,-0.24560311436653137,0.0884915217757225,-0.047745153307914734,0.7565401792526245,-0.2553183138370514,0.0,0.0,0.0,0.0,0.0,0.0,0
1785981686,224263191,100.0,-1.802993122731344,-1.700928036366598,-1.008606259022848,-4.686565939580099,-3.7589970270739954,-0.25617915788759404,-0.2599969804286957,-0.23802268505096436,0.08345814794301987,-0.046786416321992874,0.7247101068496704,-0.2524932324886322,0.0,0.0,0.0,0.0,0.0,0.0,0
1785981686,244169473,100.0,-1.807047192250387,-1.7045725027667444,-1.0072653929339808,-4.687285010014669,-3.747704569493429,-0.2600644270526331,-0.2489650845527649,-0.22883158922195435,0.08326639980077744,-0.034946002066135406,0.7114794850349426,-0.24245844781398773,0.0,0.0,0.0,0.0,0.0,0.0,0
1785981686,264044761,100.0,-1.8129122892962855,-1.709919277821676,-1.005373779927389,-4.688304011021749,-3.7309468428241175,-0.26570207277406865,-0.24530909955501556,-0.2211233377456665,0.07808921486139297,-0.046906258910894394,0.6889970898628235,-0.2333696186542511,0.0,0.0,0.0,0.0,0.0,0.0,0
1785981686,284075021,100.0,-1.8168461958514612,-1.7134068647967737,-1.0040925184832972,-4.688927237187521,-3.7202542463885706,-0.2692039648639124,-0.23848287761211395,-0.21727560460567474,0.07971906661987305,-0.0409141443669796,0.6758384108543396,-0.22532899677753448,0.0,0.0,0.0,0.0,0.0,0.0,0
1785981686,303900241,100.0,-1.8224356810199183,-1.7184537092791956,-1.0023563543902796,-4.689934198056356,-3.704299513493673,-0.2744692007647913,-0.22352656722068787,-0.21038547158241272,0.07017962634563446,-0.03887682780623436,0.6473639011383057,-0.2204841822385788,0.0,0.0,0.0,0.0,0.0,0.0,0
1785981686,324130058,100.0,-1.826033894215719,-1.7217147986041468,-1.0012553373919886,-4.690557781849996,-3.6941822210894983,-0.2779954115497034,-0.21843886375427246,-0.2049398422241211,0.06807039678096771,-0.037654437124729156,0.6201117634773254,-0.21317219734191895,0.0,0.0,0.0,0.0,0.0,0.0,0
1785981686,344540357,100.0,-1.8312276045428675,-1.726701561604635,-0.9996503035174769,-4.691492621098654,-3.6798699537860315,-0.28303271928896123,-0.20724080502986908,-0.19493061304092407,0.06277336925268173,-0.0360964871942997,0.5986120700836182,-0.20468416810035706,0.0,0.0,0.0,0.0,0.0,0.0,0
1785981686,364068269,100.0,-1.8343098799334925,-1.7296989599811,-0.9986570517169397,-4.692031804715292,-3.6703885237323206,-0.2862470785724085,-0.19784517586231232,-0.1857650727033615,0.061982411891222,-0.03461044281721115,0.5756742358207703,-0.19536523520946503,0.0,0.0,0.0,0.0,0.0,0.0,0
1785981686,384149551,100.0,-1.8389042059527796,-1.7340262571917933,-0.9971244970904749,-4.692823235188619,-3.6571195761310022,-0.29069644609560186,-0.19058433175086975,-0.17303304374217987,0.05905826389789581,-0.03422694653272629,0.5440119504928589,-0.18086911737918854,0.0,0.0,0.0,0.0,0.0,0.0,0
1785981686,404065370,100.0,-1.8417471090899866,-1.7367118040667933,-0.9961426893817347,-4.693362538014547,-3.6487765947925013,-0.29361135164369756,-0.18255649507045746,-0.1669226735830307,0.05388107895851135,-0.032357409596443176,0.5283605456352234,-0.17537236213684082,0.0,0.0,0.0,0.0,0.0,0.0,0
1785981686,424226045,100.0,-1.8460171858416956,-1.7405474821673792,-0.9948619047748011,-4.694057528172628,-3.636298720036642,-0.29759341875185186,-0.16841831803321838,-0.15573740005493164,0.050333745777606964,-0.023848608136177063,0.4873025715351105,-0.1635223627090454,0.0,0.0,0.0,0.0,0.0,0.0,0
1785981686,444015026,100.0,-1.8488357702838343,-1.742981259022848,-0.9940832296954554,-4.694393102322714,-3.6287112871753138,-0.30018407503236944,-0.1660534292459488,-0.1512121558189392,0.05107676982879639,-0.019102854654192924,0.45638325810432434,-0.15893319249153137,0.0,0.0,0.0,0.0,0.0,0.0,0
1785981686,464774370,100.0,-1.8527339140521448,-1.7464936415301722,-0.9928858915912073,-4.695124212895529,-3.618342940007345,-0.3037222067462366,-0.15603141486644745,-0.1420210599899292,0.04609132930636406,-0.026149580255150795,0.4291311502456665,-0.14626507461071014,0.0,0.0,0.0,0.0,0.0,0.0,0
1785981686,484093666,100.0,-1.8551090399371546,-1.748688046132223,-0.9922273794757288,-4.695567552243368,-3.6115828196154993,-0.30589324632753545,-0.14290308952331543,-0.1348496973514557,0.04043477773666382,-0.02840261347591877,0.4062652289867401,-0.1394260674715042,0.0,0.0,0.0,0.0,0.0,0.0,0
1785981686,504079103,100.0,-1.8581913153277796,-1.751744572316305,-0.9912336508380335,-4.696131173764364,-3.6022091547595423,-0.30909568468202764,-0.12307639420032501,-0.11681263893842697,0.03760650008916855,-0.020253341645002365,0.36626189947128296,-0.12492995709180832,0.0,0.0,0.0,0.0,0.0,0.0,0
1785981686,524058580,100.0,-1.8600028196917933,-1.7534707228290003,-0.9905388990985315,-4.6964667479144495,-3.59659988084902,-0.31099063554872686,-0.11406425386667252,-0.10973075777292252,0.039811596274375916,-0.018983013927936554,0.33905771374702454,-0.11825713515281677,0.0,0.0,0.0,0.0,0.0,0.0,0
1785981686,544085264,100.0,-1.8625696341144007,-1.7560485045062464,-0.9897010962115687,-4.696838680897848,-3.5891686121570032,-0.3137128988849085,-0.10374823957681656,-0.09763787686824799,0.03585680201649666,-0.018551580607891083,0.30590933561325073,-0.10291732847690582,0.0,0.0,0.0,0.0,0.0,0.0,0
1785981686,564032077,100.0,-1.864152733479635,-1.7575705687152308,-0.9891741911517542,-4.697078291569845,-3.5845659414874476,-0.3152840773211878,-0.09952978789806366,-0.08739855885505676,0.025861958041787148,-0.0029001825023442507,0.2733601927757263,-0.09403302520513535,0.0,0.0,0.0,0.0,0.0,0.0,0
1785981686,583922147,100.0,-1.8663838545428675,-1.759500805531637,-0.9885638395892542,-4.697377983723776,-3.578165117894308,-0.3173473517047327,-0.08961004763841629,-0.07559968531131744,0.02449575625360012,-0.01780855841934681,0.24208135902881622,-0.07873156666755676,0.0,0.0,0.0,0.0,0.0,0.0,0
1785981686,604132413,100.0,-1.8676913420306605,-1.760735336934225,-0.9882882277118128,-4.697581712399618,-3.574677292500631,-0.3185942808734339,-0.0765584260225296,-0.06729062646627426,0.01859951764345169,-0.00529702752828598,0.21013140678405762,-0.07028188556432724,0.0,0.0,0.0,0.0,0.0,0.0,0
1785981686,624205589,100.0,-1.8692148367511194,-1.7621143499957483,-0.9877970854388636,-4.697917286549703,-3.5702784697162073,-0.32002193132509404,-0.057025738060474396,-0.051298875361680984,0.026581011712551117,-0.023920513689517975,0.15929432213306427,-0.05359984561800957,0.0,0.0,0.0,0.0,0.0,0.0,0
1785981686,644036293,100.0,-1.8700302282916468,-1.7628691832171839,-0.9875462690936487,-4.698061052952902,-3.567977492009298,-0.320777718220846,-0.044677190482616425,-0.04054822772741318,0.022434469312429428,0.0,0.125259131193161,-0.04393576830625534,0.0,0.0,0.0,0.0,0.0,0.0,0
1785981686,664394140,100.0,-1.8708818594561976,-1.7636731306659144,-0.9872944990741175,-4.6982048193561,-3.565483872090475,-0.32164127031435186,-0.029925409704446793,-0.024479776620864868,0.024927189573645592,-0.0033076461404561996,0.08405735343694687,-0.027765052393078804,0.0,0.0,0.0,0.0,0.0,0.0,0
1785981686,684201240,100.0,-1.8711937109576624,-1.763972584401266,-0.9871152083026331,-4.6982048193561,-3.5644055048571985,-0.3220132032977503,-0.01960938796401024,-0.013422331772744656,0.004026699811220169,-0.003043993143364787,0.06006493791937828,-0.0196733046323061,0.0,0.0,0.0,0.0,0.0,0.0,0
1785981686,704096555,100.0,-1.8714216391192835,-1.7642481962787073,-0.9870675245868128,-4.698192898427145,-3.5638302008258265,-0.32226497331728154,-0.007529288996011019,-0.0062765381298959255,0.0,-0.0016777915880084038,0.009946906939148903,-0.005023787263780832,0.0,0.0,0.0,0.0,0.0,0.0,0
1785981686,724020242,100.0,-1.8713858763324183,-1.764092270527975,-0.9871271292315882,-4.6982048193561,-3.563998047505514,-0.3221691290484827,0.007388674188405275,0.007120227441191673,0.0,-0.0011744541116058826,-0.04242415726184845,0.010098706930875778,0.0,0.0,0.0,0.0,0.0,0.0,0
1785981686,744448423,100.0,-1.871049706135885,-1.7637088934527796,-0.9871390501605433,-4.698168937359945,-3.564920727406637,-0.32182103792299444,0.022958580404520035,0.02575809508562088,-0.0005273059359751642,-0.0008149273344315588,-0.07010772079229355,0.023124760016798973,0.0,0.0,0.0,0.0,0.0,0.0,0
1785981686,764072895,100.0,-1.8705938498126429,-1.7632649580584925,-0.987246338521139,-4.6981808582889,-3.5663233439074915,-0.32137757936586553,0.03410550579428673,0.03214967995882034,-0.01423725951462984,-0.0006711166352033615,-0.09676063805818558,0.03208576515316963,0.0,0.0,0.0,0.0,0.0,0.0,0
1785981686,783907413,100.0,-1.869598690663473,-1.7623303572284144,-0.9874499479876917,-4.698085014020101,-3.569355551396505,-0.3204539457904261,0.0489979051053524,0.04475389048457146,-0.01871936023235321,0.006639260798692703,-0.13827399909496307,0.04592994228005409,0.0,0.0,0.0,0.0,0.0,0.0,0
1785981686,804028987,100.0,-1.8686988989459437,-1.7616108099566858,-0.987713638936178,-4.697905246411459,-3.5719924608813685,-0.31968671480287725,0.059071045368909836,0.05319078639149666,-0.02190716378390789,0.024519724771380424,-0.16984044015407562,0.05583690106868744,0.0,0.0,0.0,0.0,0.0,0.0,0
1785981686,824279308,100.0,-1.8671754042254847,-1.760064427052633,-0.9882281462298792,-4.6976415554629725,-3.5767748991595667,-0.3181389013873499,0.07180308550596237,0.06900356709957123,-0.03043993189930916,0.010785803198814392,-0.21164141595363617,0.07230162620544434,0.0,0.0,0.0,0.0,0.0,0.0,0
1785981686,844046592,100.0,-1.8659518400775355,-1.7588771025287073,-0.9887431303607386,-4.697425905858175,-3.580514732991354,-0.31689149538149053,0.08525098115205765,0.08121149986982346,-0.030296122655272484,0.023441145196557045,-0.23922911286354065,0.08271991461515427,0.0,0.0,0.0,0.0,0.0,0.0,0
1785981686,863984823,100.0,-1.8638408819781702,-1.7567794958697718,-0.9894855658160608,-4.697174255047933,-3.5869393984424036,-0.31469661394228154,0.1039399802684784,0.09170648455619812,-0.03437075763940811,0.010785803198814392,-0.28007134795188904,0.09467218071222305,0.0,0.0,0.0,0.0,0.0,0.0,0
1785981686,884089231,100.0,-1.8622215429889124,-1.7552450338946741,-0.9900482336627405,-4.696982447301046,-3.5916500727282923,-0.31307775179018194,0.11566215753555298,0.10051409155130386,-0.03741475194692612,0.010785803198814392,-0.30895334482192993,0.10537169873714447,0.0,0.0,0.0,0.0,0.0,0.0,0
1785981686,904435634,100.0,-1.8592832724200647,-1.7526195685016077,-0.9908745924579065,-4.696515027676718,-3.599536720906393,-0.31037885347475225,0.12946797907352448,0.11419209092855453,-0.04002731293439865,0.03719903528690338,-0.3527436852455139,0.12048140913248062,0.0,0.0,0.0,0.0,0.0,0.0,0
1785981686,924143314,100.0,-1.8571479956256312,-1.7506654898272913,-0.9915927092181605,-4.696215097104208,-3.6055060068713587,-0.30836421648134404,0.13574451208114624,0.120583675801754,-0.04285559058189392,0.04225637763738632,-0.3804751932621002,0.128496453166008,0.0,0.0,0.0,0.0,0.0,0.0,0
1785981686,944335937,100.0,-1.8538253943072718,-1.7476204077350062,-0.9926345984088343,-4.6955077091800135,-3.6152387301074427,-0.3051970640765589,0.14350390434265137,0.1335330307483673,-0.046307045966386795,0.023800671100616455,-0.4062652289867401,0.13770034909248352,0.0,0.0,0.0,0.0,0.0,0.0,0
1785981686,963979959,100.0,-1.8514264265643519,-1.7454031149493616,-0.993328873311178,-4.695088211690084,-3.6219030062304896,-0.3029902617083948,0.1536920964717865,0.1438618302345276,-0.04767324775457382,0.023752734065055847,-0.43548277020454407,0.14667412638664246,0.0,0.0,0.0,0.0,0.0,0.0,0
1785981686,984425306,100.0,-1.8475640455829065,-1.7419384161578577,-0.9945738951312464,-4.69428521791567,-3.632714811955587,-0.29933244386781865,0.16678206622600555,0.1540372371673584,-0.05462409928441048,0.031063111498951912,-0.4731611907482147,0.1609145849943161,0.0,0.0,0.0,0.0,0.0,0.0,0
1785981687,4179954,100.0,-1.8448174635516565,-1.7394450346576136,-0.995495621358053,-4.693769995366232,-3.640613857899801,-0.2967293898211878,0.17487381398677826,0.16078676283359528,-0.05541505664587021,0.028810078278183937,-0.4922880232334137,0.1710899919271469,0.0,0.0,0.0,0.0,0.0,0.0,0
1785981687,24433851,100.0,-1.8404396216021937,-1.7354767958270472,-0.9969084898578089,-4.693110767995016,-3.65304404893984,-0.2925799528705042,0.18518982827663422,0.17238108813762665,-0.05920207500457764,0.03211772441864014,-0.5196599960327148,0.18077963590621948,0.0,0.0,0.0,0.0,0.0,0.0,0
1785981687,44039249,100.0,-1.8373931089984339,-1.7325995604144495,-0.9978302160846155,-4.692595068608419,-3.661494557057516,-0.2896054426776331,0.19792187213897705,0.1834513247013092,-0.059729378670454025,0.034155040979385376,-0.5527364611625671,0.18805326521396637,0.0,0.0,0.0,0.0,0.0,0.0,0
1785981687,64931154,100.0,-1.832595173512594,-1.7281044165240687,-0.9993274847613733,-4.691672388707296,-3.674943510686056,-0.2848437468158167,0.20670391619205475,0.1889353096485138,-0.05944175645709038,0.03468234837055206,-0.5778074264526367,0.19716766476631165,0.0,0.0,0.0,0.0,0.0,0.0,0
1785981687,84016084,100.0,-1.8293688933001917,-1.7249749342547815,-1.0002730528460901,-4.691121045743124,-3.6842454115497034,-0.2815936247455042,0.209746316075325,0.19363951683044434,-0.06586530059576035,0.03688744455575943,-0.602135419845581,0.2044157236814499,0.0,0.0,0.0,0.0,0.0,0.0,0
1785981687,104100465,100.0,-1.8242347876178187,-1.7202041784869593,-1.0020092169391077,-4.690186325703756,-3.69897705713381,-0.2767117659198206,0.2247537523508072,0.2037254422903061,-0.0662248283624649,0.04009921848773956,-0.6380641460418701,0.21411815285682678,0.0,0.0,0.0,0.0,0.0,0.0,0
1785981687,124064207,100.0,-1.8205888907061976,-1.7168954054461878,-1.0030749479876917,-4.689598266278402,-3.709489885960714,-0.2731259504901331,0.2276555299758911,0.21281427145004272,-0.0626055970788002,0.03846936300396919,-0.6468845009803772,0.22065035998821259,0.0,0.0,0.0,0.0,0.0,0.0,0
1785981687,144100189,100.0,-1.8148673216449183,-1.711740795766012,-1.0047872702227991,-4.688615624104635,-3.7251809279071253,-0.2678130308734339,0.23647592961788177,0.21983224153518677,-0.07511712610721588,0.04024302959442139,-0.6860489845275879,0.23224470019340515,0.0,0.0,0.0,0.0,0.0,0.0,0
1785981687,164222002,100.0,-1.810885254536764,-1.7082646528827112,-1.006127659474508,-4.687908593808309,-3.7362692991839808,-0.2641666571246546,0.247929647564888,0.22748935222625732,-0.07387076318264008,0.04376639053225517,-0.6923047304153442,0.23611800372600555,0.0,0.0,0.0,0.0,0.0,0.0,0
1785981687,184016704,100.0,-1.8049123922931116,-1.7027743498431605,-1.0079119841205042,-4.68686551252474,-3.753002945576803,-0.25846940675844365,0.24927188456058502,0.23738352954387665,-0.07734619081020355,0.03906857594847679,-0.725117564201355,0.24598661065101624,0.0,0.0,0.0,0.0,0.0,0.0,0
1785981687,204100370,100.0,-1.8008702437030237,-1.6988661924945276,-1.009085480366842,-4.6862903277026575,-3.764918629323141,-0.2545359770404261,0.26252803206443787,0.24015748500823975,-0.08120511472225189,0.04309527575969696,-0.7386117577552795,0.25193077325820923,0.0,0.0,0.0,0.0,0.0,0.0,0
1785981687,223867893,100.0,-1.7946093718158167,-1.692932430897848,-1.0110848585711878,-4.685115877782003,-3.7830076853381556,-0.24833518663515264,0.26569825410842896,0.24748224020004272,-0.0842491015791893,0.05167597904801369,-0.763443112373352,0.26355069875717163,0.0,0.0,0.0,0.0,0.0,0.0,0
1785981687,244118690,100.0,-1.7904236952411097,-1.6889408270465296,-1.0124734083758753,-4.684348527585165,-3.795342985783712,-0.24418574968446904,0.26720666885375977,0.25038403272628784,-0.08758071810007095,0.04764927923679352,-0.7764819264411926,0.26615846157073975,0.0,0.0,0.0,0.0,0.0,0.0,0
1785981687,264337778,100.0,-1.7836230436908167,-1.6828749815570276,-1.014449421559469,-4.683209602032797,-3.814319674168722,-0.2378767172442835,0.2789032757282257,0.25834792852401733,-0.08571118116378784,0.04798483848571777,-0.8001387715339661,0.2720259428024292,0.0,0.0,0.0,0.0,0.0,0.0,0
1785981687,284126996,100.0,-1.7790411154376429,-1.6786912123309534,-1.0159457365619105,-4.682430569325582,-3.82727820078005,-0.2335112730609339,0.2819712460041046,0.2653658986091614,-0.09117598831653595,0.04688229039311409,-0.8110923767089844,0.2774076461791992,0.0,0.0,0.0,0.0,0.0,0.0,0
1785981687,304014921,100.0,-1.7720373312579554,-1.6722901503192347,-1.0180171171771448,-4.681303683911459,-3.8469863573657435,-0.2267831007586878,0.29590490460395813,0.27262672781944275,-0.0938844233751297,0.04959072545170784,-0.8317292332649231,0.2830066680908203,0.0,0.0,0.0,0.0,0.0,0.0,0
1785981687,324080467,100.0,-1.7673237959491175,-1.6678789297686976,-1.019454304371969,-4.68046480814089,-3.860628906880514,-0.22216540971864873,0.29619890451431274,0.27492770552635193,-0.09419601410627365,0.053833141922950745,-0.8380808234214783,0.2839270532131195,0.0,0.0,0.0,0.0,0.0,0.0,0
1785981687,344170093,100.0,-1.7601035276996058,-1.6610701719867151,-1.0218127409564417,-4.6791821161853235,-3.880864922200338,-0.21510154405702764,0.30169567465782166,0.27690911293029785,-0.09767143428325653,0.05361742526292801,-0.865668535232544,0.2915586233139038,0.0,0.0,0.0,0.0,0.0,0.0,0
1785981687,364007949,100.0,-1.7552583853351038,-1.656550709401266,-1.0234530607806605,-4.678403202687399,-3.8950112501727503,-0.2104123274432581,0.29718321561813354,0.2794145941734314,-0.09719207137823105,0.052994243800640106,-0.8689042925834656,0.2925429344177246,0.0,0.0,0.0,0.0,0.0,0.0,0
1785981687,383983135,100.0,-1.7477625052081507,-1.6497185865985315,-1.025811497365133,-4.677048150693075,-3.9160028139697474,-0.20338470140566045,0.3097107410430908,0.28483468294143677,-0.0993252620100975,0.05742840841412544,-0.8938074707984924,0.29833370447158813,0.0,0.0,0.0,0.0,0.0,0.0,0
1785981687,404162406,100.0,-1.7426651159869593,-1.6451638380633753,-1.0274160544024866,-4.676209274922506,-3.9304969946490687,-0.19861108461488897,0.3095701038837433,0.29267075657844543,-0.09846239537000656,0.05488775297999382,-0.8955811858177185,0.30388161540031433,0.0,0.0,0.0,0.0,0.0,0.0,0
1785981687,423946142,100.0,-1.7350133101092737,-1.6380189100848597,-1.0298107306109827,-4.674902979527609,-3.952064816151754,-0.19116336504091436,0.32319697737693787,0.2960071563720703,-0.10284861922264099,0.05632586032152176,-0.9141087532043457,0.30619534850120544,0.0,0.0,0.0,0.0,0.0,0.0,0
1785981687,444047451,100.0,-1.7298806349383753,-1.6332600752459925,-1.0314033667193812,-4.673979822789327,-3.967086140309469,-0.1861503759967249,0.31932368874549866,0.3010948598384857,-0.10064352303743362,0.06143113970756531,-0.9188784956932068,0.31231850385665894,0.0,0.0,0.0,0.0,0.0,0.0,0
1785981687,463824272,100.0,-1.7220609823810022,-1.6259964148150843,-1.0340254942523401,-4.672577683125631,-3.989373509083883,-0.17860728899110967,0.3236827254295349,0.2999315857887268,-0.10179401189088821,0.05608617514371872,-0.931557834148407,0.3137502074241638,0.0,0.0,0.0,0.0,0.0,0.0,0
1785981687,484124898,100.0,-1.7168081442462366,-1.6212495009051722,-1.0356653372394007,-4.671702448521749,-4.004275862370626,-0.17353421846498662,0.3207298219203949,0.30377933382987976,-0.09903763979673386,0.05673332139849663,-0.9421758055686951,0.3179686665534973,0.0,0.0,0.0,0.0,0.0,0.0,0
1785981687,503901481,100.0,-1.7088330427752894,-1.613889519368307,-1.0381081740008753,-4.670311991368429,-4.027283016835348,-0.1659186522113245,0.33168500661849976,0.3091610372066498,-0.09735984355211258,0.06042446568608284,-0.9447404742240906,0.32103660702705383,0.0,0.0,0.0,0.0,0.0,0.0,0
1785981687,524171352,100.0,-1.7034481207477015,-1.6089509169207972,-1.0397008101092737,-4.669352833424703,-4.042281691228048,-0.16072589555849248,0.3334490954875946,0.31422320008277893,-0.10601245611906052,0.05589442700147629,-0.9634838104248047,0.32175248861312866,0.0,0.0,0.0,0.0,0.0,0.0,0
1785981687,544379949,100.0,-1.695329491292135,-1.60121995607485,-1.0421069304095667,-4.667902413998739,-4.065277163182394,-0.15273839632143194,0.33798709511756897,0.3155398666858673,-0.10543721169233322,0.06238987669348717,-0.9666955471038818,0.3268657326698303,0.0,0.0,0.0,0.0,0.0,0.0,0
1785981687,564067602,100.0,-1.6897648016559046,-1.5960777441607874,-1.0438674131976526,-4.666943613682882,-4.080959622059957,-0.147318188344137,0.3310586214065552,0.314708948135376,-0.10879279673099518,0.06313289701938629,-0.9723041653633118,0.3243602514266968,0.0,0.0,0.0,0.0,0.0,0.0,0
1785981687,584077358,100.0,-1.6816218535052698,-1.5885499159442347,-1.0464299360858362,-4.665553037320272,-4.104398790990011,-0.13952285448183233,0.338242769241333,0.3198222219944,-0.10963169485330582,0.05826730281114578,-0.9933005571365356,0.3267506957054138,0.0,0.0,0.0,0.0,0.0,0.0,0
1785981687,604114294,100.0,-1.6762011686908167,-1.5834921042071741,-1.048201862965719,-4.664617959653036,-4.120201174412863,-0.13430625597109014,0.34143856167793274,0.32352933287620544,-0.10903248190879822,0.060520339757204056,-0.9869728684425354,0.32799065113067627,0.0,0.0,0.0,0.0,0.0,0.0,0
1785981687,624619483,100.0,-1.6678665320025843,-1.5758450667010706,-1.0507281462298792,-4.663071576748983,-4.1437614599811,-0.12635547319521123,0.34520959854125977,0.3234909772872925,-0.11174091696739197,0.06001700088381767,-0.9953378438949585,0.3286426067352295,0.0,0.0,0.0,0.0,0.0,0.0,0
1785981687,644104003,100.0,-1.6623743216144007,-1.5706546942340296,-1.0524042288409632,-4.662160817776815,-4.159695927296774,-0.1209948698626917,0.348290354013443,0.3241301476955414,-0.11224425584077835,0.05764412507414818,-0.9989810585975647,0.3302660584449768,0.0,0.0,0.0,0.0,0.0,0.0,0
1785981687,664561033,100.0,-1.6539204756366175,-1.5628755728351038,-1.055110279713766,-4.6606743971454065,-4.183771912251608,-0.11296016374696904,0.3429086208343506,0.3224683403968811,-0.10929613560438156,0.05826730281114578,-0.9937319755554199,0.3326948881149292,0.0,0.0,0.0,0.0,0.0,0.0,0
1785981687,684088945,100.0,-1.6482842604266565,-1.5578177610980433,-1.0568226019488733,-4.659751598034994,-4.199670855198995,-0.10763532320131475,0.3509364724159241,0.32324811816215515,-0.1119326651096344,0.06238987669348717,-1.0006109476089478,0.33312949538230896,0.0,0.0,0.0,0.0,0.0,0.0,0
1785981687,704474687,100.0,-1.6399734655963343,-1.5500624815570276,-1.0594804922686976,-4.658336702977316,-4.223854605351583,-0.09958917299379522,0.34963259100914,0.32324811816215515,-0.10996725410223007,0.05805158615112305,-0.9943791031837463,0.32925620675086975,0.0,0.0,0.0,0.0,0.0,0.0,0
1785981687,724039077,100.0,-1.634373966847555,-1.5448487440692347,-1.0612404982196253,-4.657401982937948,-4.240042034779684,-0.09421664873232061,0.3517034649848938,0.3259197771549225,-0.11037471890449524,0.06054430827498436,-0.9896813035011292,0.32914113998413086,0.0,0.0,0.0,0.0,0.0,0.0,0
1785981687,744145393,100.0,-1.6259916464435022,-1.5369861761676233,-1.0638869444476526,-4.655975405369894,-4.263723198567526,-0.08614617982973272,0.345043420791626,0.31965604424476624,-0.11056646704673767,0.06370814144611359,-0.991718590259552,0.33126315474510193,0.0,0.0,0.0,0.0,0.0,0.0,0
1785981687,764010190,100.0,-1.6204150358783167,-1.5318201223956507,-1.0656474272357386,-4.654908482228414,-4.279826227818624,-0.08085757890810186,0.345043420791626,0.32173970341682434,-0.10493388026952744,0.059537630528211594,-0.9846718907356262,0.3349575102329254,0.0,0.0,0.0,0.0,0.0,0.0,0
1785981687,783999204,100.0,-1.6121414343463343,-1.5241854826556605,-1.068209473286764,-4.6535542646991175,-4.303555671368734,-0.07295495668520147,0.35230425000190735,0.3201673626899719,-0.10996725410223007,0.058578893542289734,-0.9828263521194458,0.3321196436882019,0.0,0.0,0.0,0.0,0.0,0.0,0
1785981687,804124355,100.0,-1.6066492239581507,-1.5190313498126429,-1.0699694792376917,-4.652595106755392,-4.319107834492819,-0.06767827669252569,0.3501311242580414,0.32324811816215515,-0.10704310238361359,0.06298908591270447,-0.9842404723167419,0.3302149474620819,0.0,0.0,0.0,0.0,0.0,0.0,0
1785981687,824459552,100.0,-1.5982912222491663,-1.511432949696676,-1.072484318410055,-4.651156250630514,-4.342969242726461,-0.059704128895894826,0.3477023243904114,0.3198222219944,-0.10579673945903778,0.05874667316675186,-0.9760672450065613,0.32758161425590515,0.0,0.0,0.0,0.0,0.0,0.0,0
1785981687,844183206,100.0,-1.5927513281451624,-1.5063026587115687,-1.074160401021139,-4.650197569523947,-4.358401481305258,-0.05436832109560186,0.33966171741485596,0.31860780715942383,-0.10963169485330582,0.06181463599205017,-0.9737902283668518,0.3276071846485138,0.0,0.0,0.0,0.0,0.0,0.0,0
1785981687,863842487,100.0,-1.5846217314349573,-1.498740021382467,-1.0767110029803675,-4.648866955433981,-4.381592098866598,-0.046477619801656544,0.3419243395328522,0.31735506653785706,-0.10524547100067139,0.06203034892678261,-0.971537172794342,0.3287193179130554,0.0,0.0,0.0,0.0,0.0,0.0,0
1785981687,884132146,100.0,-1.5792501608477991,-1.4937899748431605,-1.078458611165182,-4.647859875355856,-4.39733606973757,-0.04127341905702764,0.3399173617362976,0.3163835406303406,-0.11183679103851318,0.057931747287511826,-0.9617100954055786,0.32727479934692383,0.0,0.0,0.0,0.0,0.0,0.0,0
1785981687,904294729,100.0,-1.5711682478534144,-1.4862993399249476,-1.08093768755068,-4.646445695553915,-4.420083228741781,-0.03351480165590459,0.33879244327545166,0.314708948135376,-0.10706707090139389,0.058363176882267,-0.955765962600708,0.31993725895881653,0.0,0.0,0.0,0.0,0.0,0.0,0
1785981687,924068927,100.0,-1.5657599608050745,-1.4813016096698206,-1.0825899283038538,-4.645498220120565,-4.435443941746847,-0.028298203145162404,0.33076462149620056,0.3052366077899933,-0.10368751734495163,0.05404885485768318,-0.9495101571083069,0.3176746368408203,0.0,0.0,0.0,0.0,0.0,0.0,0
1785981687,944763183,100.0,-1.5577142874347132,-1.4738109747516077,-1.085128132496969,-4.644131604825155,-4.457927529011862,-0.020744148884908498,0.3303811252117157,0.3036770820617676,-0.10546118021011353,0.05460013076663017,-0.9447644352912903,0.31735506653785706,0.0,0.0,0.0,0.0,0.0,0.0,0
1785981687,963978767,100.0,-1.5525582472430628,-1.4689210096942347,-1.0868404547320765,-4.643184963856832,-4.472940746937887,-0.01571971574892217,0.32695522904396057,0.30077528953552246,-0.1053173691034317,0.055582836270332336,-0.9355365633964539,0.31591057777404785,0.0,0.0,0.0,0.0,0.0,0.0,0
1785981687,984155178,100.0,-1.5448129812823694,-1.4618256727801722,-1.089271370564596,-4.641878191624777,-4.49544865289797,-0.008237663899556935,0.3270830512046814,0.2984870970249176,-0.09903763979673386,0.05706888064742088,-0.9204604029655457,0.3126508593559265,0.0,0.0,0.0,0.0,0.0,0.0,0
1785981688,4111289,100.0,-1.5397408644305628,-1.457175079976217,-1.0909836927997034,-4.640919510518209,-4.509598676358358,-0.003297154103414357,0.3236827254295349,0.295470267534256,-0.09712016582489014,0.052922338247299194,-0.9213472604751587,0.30833014845848083,0.0,0.0,0.0,0.0,0.0,0.0,0
1785981688,24097204,100.0,-1.5319951216327112,-1.4500320593463343,-1.0933788458453577,-4.639612857495443,-4.5315309206592005,0.004101226571947336,0.3123951852321625,0.2885545790195465,-0.09735984355211258,0.05402488633990288,-0.8975226283073425,0.3029867708683014,0.0,0.0,0.0,0.0,0.0,0.0,0
1785981688,44052362,100.0,-1.5270312468158167,-1.4453824202166956,-1.0949834028827112,-4.638749186192648,-4.545644942914144,0.008825632743537426,0.30983856320381165,0.2874424457550049,-0.09863017499446869,0.054672036319971085,-0.888079047203064,0.29718321561813354,0.0,0.0,0.0,0.0,0.0,0.0,0
1785981688,64642906,100.0,-1.5196455160724085,-1.4385626951800745,-1.0972822348224085,-4.637502853070394,-4.5659828821765345,0.01590007171034813,0.30822786688804626,0.2801688015460968,-0.09457951039075851,0.05318599194288254,-0.8703184127807617,0.29463937878608704,0.0,0.0,0.0,0.0,0.0,0.0,0
1785981688,84124565,100.0,-1.5148614088641565,-1.4340804258929651,-1.098682705556051,-4.636651579533712,-4.58034867445101,0.020540587604045868,0.3043801486492157,0.27765053510665894,-0.0951068103313446,0.05289836972951889,-0.8595805764198303,0.2931181788444519,0.0,0.0,0.0,0.0,0.0,0.0,0
1785981688,103937864,100.0,-1.5076192061053675,-1.4275129477130335,-1.1009462515460413,-4.635464851056234,-4.600854341183798,0.027495183050632477,0.294907808303833,0.271668016910553,-0.09055280685424805,0.052275191992521286,-0.8367865681648254,0.28326234221458435,0.0,0.0,0.0,0.0,0.0,0.0,0
1785981688,124088048,100.0,-1.5029438177691858,-1.4232705275165003,-1.1024306456195276,-4.634566013013021,-4.6142969767199915,0.0320034995675087,0.2892448604106903,0.26917529106140137,-0.09465140849351883,0.049686599522829056,-0.822477400302887,0.2818050682544708,0.0,0.0,0.0,0.0,0.0,0.0,0
1785981688,143957614,100.0,-1.496049706135885,-1.4168346563922327,-1.1044781843768519,-4.633451048527853,-4.633867923413412,0.0385981947183609,0.2819712460041046,0.26176103949546814,-0.09239837527275085,0.04784102737903595,-0.8059871196746826,0.27129730582237244,0.0,0.0,0.0,0.0,0.0,0.0,0
1785981688,164029836,100.0,-1.4916499296771448,-1.4125922361956995,-1.1058676878558558,-4.632659737263815,-4.646734897290365,0.04292674735188484,0.27591201663017273,0.25696736574172974,-0.09160742163658142,0.05126851797103882,-0.7851585149765015,0.2700701057910919,0.0,0.0,0.0,0.0,0.0,0.0,0
1785981688,184075117,100.0,-1.4850552717791956,-1.4064562956439417,-1.1078789869891565,-4.631413046513693,-4.665226523076193,0.049149930477142334,0.27678126096725464,0.25038403272628784,-0.08695753663778305,0.04343083128333092,-0.7700823545455933,0.26441994309425354,0.0,0.0,0.0,0.0,0.0,0.0,0
1785981688,204055547,100.0,-1.4807632605182093,-1.402417008076803,-1.1091960112201136,-4.630753938351766,-4.677481834088461,0.05325040593743324,0.26632463932037354,0.2430848330259323,-0.08400941640138626,0.04494084417819977,-0.7530407905578613,0.2565966546535492,0.0,0.0,0.0,0.0,0.0,0.0,0
1785981688,223876953,100.0,-1.4744928518878382,-1.3967726866351526,-1.1112197081195276,-4.629698936139242,-4.695002023373739,0.059257872402668,0.25933223962783813,0.23490360379219055,-0.07969509810209274,0.043958138674497604,-0.7311096787452698,0.24882447719573975,0.0,0.0,0.0,0.0,0.0,0.0,0
1785981688,244309663,100.0,-1.4703329245196741,-1.3930814901935022,-1.1124776045428675,-4.628955547009603,-4.706682149563925,0.06329843401908875,0.2482748031616211,0.23028887808322906,-0.08379370719194412,0.04175304248929024,-0.7188138365745544,0.24442705512046814,0.0,0.0,0.0,0.0,0.0,0.0,0
1785981688,264183521,100.0,-1.4645183722125452,-1.3876526991473597,-1.1142495314227503,-4.627960864697592,-4.723626796399252,0.0689939334988594,0.23931379616260529,0.22434470057487488,-0.08163654059171677,0.041441451758146286,-0.689859926700592,0.2305445373058319,0.0,0.0,0.0,0.0,0.0,0.0,0
1785981688,283987998,100.0,-1.460705582295553,-1.3840692679034632,-1.1155064741717737,-4.627289358769552,-4.7342395226108,0.07274649292230606,0.23503142595291138,0.21831104159355164,-0.07686682045459747,0.03942809998989105,-0.6743044257164001,0.22863984107971191,0.0,0.0,0.0,0.0,0.0,0.0,0
1785981688,304251909,100.0,-1.4552505652057093,-1.3789165655719202,-1.117302719746725,-4.626342240964071,-4.750189010296957,0.07803453505039215,0.2259809374809265,0.2084679901599884,-0.07307980954647064,0.039020638912916183,-0.6394782662391663,0.21820877492427826,0.0,0.0,0.0,0.0,0.0,0.0,0
1785981688,324096441,100.0,-1.451761547719137,-1.375608269368307,-1.1183207670794886,-4.625706617032186,-4.76011830965151,0.081463523209095,0.22223547101020813,0.20132219791412354,-0.07123423367738724,0.03918841853737831,-0.6306578516960144,0.21179161965847015,0.0,0.0,0.0,0.0,0.0,0.0,0
1785981688,344268321,100.0,-1.4466307798968714,-1.3708990255938929,-1.120021168385641,-4.624783817921774,-4.775168244038717,0.08636768907308578,0.20877479016780853,0.19190099835395813,-0.06536196172237396,0.030991205945611,-0.5857170224189758,0.1994558572769165,0.0,0.0,0.0,0.0,0.0,0.0,0
1785981688,364013195,100.0,-1.44334584871401,-1.367950741444723,-1.1211226622210901,-4.624220196400778,-4.78447407880892,0.0895809605717659,0.19678416848182678,0.18426944315433502,-0.06294114887714386,0.03202185034751892,-0.57008957862854,0.1935628205537796,0.0,0.0,0.0,0.0,0.0,0.0,0
1785981688,384134054,100.0,-1.4385979811297815,-1.3636725584613245,-1.1225712935077112,-4.623489205037252,-4.797497216855184,0.09408890455961227,0.19000908732414246,0.1736210584640503,-0.06291718035936356,0.03477822244167328,-0.5429812669754028,0.18695391714572906,0.0,0.0,0.0,0.0,0.0,0.0,0
1785981688,404027938,100.0,-1.4355409781085413,-1.3609278837787073,-1.123469654713766,-4.622973863278524,-4.806107465420858,0.09696661680936813,0.18086911737918854,0.17130731046199799,-0.053473614156246185,0.030607711523771286,-0.5173590183258057,0.17652283608913422,0.0,0.0,0.0,0.0,0.0,0.0,0
1785981688,424469232,100.0,-1.431345287953512,-1.3569734732257288,-1.1247747580157679,-4.62224251428713,-4.817895833645956,0.1010790765285492,0.16924922168254852,0.15966184437274933,-0.05385711044073105,0.03159041702747345,-0.4868471622467041,0.16359905898571014,0.0,0.0,0.0,0.0,0.0,0.0,0
1785981688,444015502,100.0,-1.4287312666522425,-1.354469124470846,-1.1256845633136194,-4.621799055730001,-4.825366799031393,0.1035609319806099,0.16161766648292542,0.15273335576057434,-0.05083708465099335,0.03118295408785343,-0.4742158055305481,0.1540372371673584,0.0,0.0,0.0,0.0,0.0,0.0,0
1785981688,464165449,100.0,-1.4250510374652308,-1.3508856932269495,-1.1268580595599573,-4.621127549801962,-4.836435381566183,0.10712212324142456,0.15250326693058014,0.1370611935853958,-0.04422179237008095,0.02883404679596424,-0.42584747076034546,0.14636734127998352,0.0,0.0,0.0,0.0,0.0,0.0,0
1785981688,484055042,100.0,-1.4227736631976526,-1.348764721547262,-1.1274808088885706,-4.620720092450277,-4.8431270758258265,0.10932796448469162,0.14162477850914001,0.13047784566879272,-0.042999401688575745,0.031806133687496185,-0.39758867025375366,0.1360129714012146,0.0,0.0,0.0,0.0,0.0,0.0,0
1785981688,504066705,100.0,-1.4196203390704554,-1.3457687536822718,-1.1285703817950647,-4.6202043930636805,-4.851941172276632,0.11244536191225052,0.12678351998329163,0.11508691310882568,-0.03834952041506767,0.018503643572330475,-0.36741238832473755,0.12508335709571838,0.0,0.0,0.0,0.0,0.0,0.0,0
1785981688,524020671,100.0,-1.417666260396139,-1.3440192381488245,-1.1291573683368128,-4.61985689798464,-4.857493583356039,0.11438755691051483,0.11901134252548218,0.10874645411968231,-0.03580886498093605,0.016586167737841606,-0.3496038317680359,0.11631409823894501,0.0,0.0,0.0,0.0,0.0,0.0,0
1785981688,544536828,100.0,-1.4150288740741175,-1.3415263334857386,-1.1299832502948206,-4.619377080594198,-4.865372482930319,0.11697764694690704,0.10788998752832413,0.09802137315273285,-0.030895333737134933,0.012631373479962349,-0.30468693375587463,0.1026744470000267,0.0,0.0,0.0,0.0,0.0,0.0,0
1785981688,564009189,100.0,-1.4133265654193323,-1.3400047461139124,-1.130486313496725,-4.619173351918356,-4.870073262845175,0.11858391016721725,0.09863496571779251,0.08860017359256744,-0.028690235689282417,0.007190535310655832,-0.27115508913993835,0.09394354373216629,0.0,0.0,0.0,0.0,0.0,0.0,0
1785981688,584245204,100.0,-1.4110968748675745,-1.3380749861346644,-1.1311090628253382,-4.6188018957721155,-4.876033488904135,0.12064632028341293,0.08514872193336487,0.07478156685829163,-0.022482406347990036,0.02377670258283615,-0.2370719462633133,0.07658398896455765,0.0,0.0,0.0,0.0,0.0,0.0,0
1785981688,604142189,100.0,-1.4097664991961878,-1.3369725386248987,-1.1314805189715784,-4.618610088025228,-4.8794629017459314,0.12185709923505783,0.07248059660196304,0.06753350794315338,-0.021619543433189392,0.005824333522468805,-0.20852552354335785,0.06885017454624176,0.0,0.0,0.0,0.0,0.0,0.0,0
1785981688,624227523,100.0,-1.4082797209369105,-1.3355587164508265,-1.131911579762594,-4.618322555218832,-4.883744303380148,0.12329558283090591,0.05422622337937355,0.05326748266816139,-0.022722091525793076,0.030463900417089462,-0.16830645501613617,0.053101301193237305,0.0,0.0,0.0,0.0,0.0,0.0,0
1785981688,644042253,100.0,-1.4074280897723597,-1.3348396460162562,-1.1321032683001917,-4.618166748677389,-4.885998789464132,0.12406294792890549,0.043718453496694565,0.043897416442632675,-0.025861958041787148,0.0047457534819841385,-0.1402633786201477,0.04364175349473953,0.0,0.0,0.0,0.0,0.0,0.0,0
1785981688,664398431,100.0,-1.4066012541400355,-1.3339884916888636,-1.1324861685382288,-4.618106786404745,-4.888816897069113,0.12505801022052765,0.027177026495337486,0.027355991303920746,-0.018503643572330475,0.003067961661145091,-0.09110408276319504,0.030053241178393364,0.0,0.0,0.0,0.0,0.0,0.0,0
1785981688,684030294,100.0,-1.4062541166888636,-1.3336170355426233,-1.1325700918780726,-4.618106786404745,-4.889956180249349,0.12539394199848175,0.01504579558968544,0.01829272136092186,-0.0033076461404561996,0.001749696908518672,-0.05186772719025612,0.017078319564461708,0.0,0.0,0.0,0.0,0.0,0.0,0
1785981688,704168796,100.0,-1.4060500303851526,-1.3334253470050257,-1.1325820128070276,-4.618106786404745,-4.890639726315634,0.1256576031446457,0.005381715949624777,0.002684466540813446,-0.0028043086640536785,0.0010546118719503284,-0.009946906939148903,0.005023787263780832,0.0,0.0,0.0,0.0,0.0,0.0,0
1785981688,724002838,100.0,-1.406097714100973,-1.3335092703448694,-1.1325581709491175,-4.6181188265429896,-4.890639726315634,0.12552577257156372,-0.0006263754912652075,-0.0008692558039911091,-0.0016538230702280998,0.0008388957940042019,0.0,-0.005790777504444122,0.0,0.0,0.0,0.0,0.0,0.0,0
1785981688,744220495,100.0,-1.40619403520693,-1.333557430897848,-1.132594410573141,-4.618142787610189,-4.890603725110189,0.1257534772157669,-0.008858739398419857,-0.0028889973182231188,-0.0010066749528050423,0.0006231797160580754,0.0,0.016771523281931877,0.0,0.0,0.0,0.0,0.0,0.0,0
1785981688,764046907,100.0,-1.406421963368551,-1.3337729612933558,-1.1325343290912073,-4.618070785199301,-4.890615765248434,0.1259811669588089,-0.008066182024776936,-0.013051619753241539,-0.0008149273344315588,0.0005512743955478072,0.0,0.023559389635920525,0.0,0.0,0.0,0.0,0.0,0.0,0
1785981688,784121274,100.0,-1.4067805449115198,-1.3341086546527308,-1.132594410573141,-4.618130747471945,-4.890627686177389,0.1265448033809662,-0.014930746518075466,-0.020261330530047417,-0.0006231797160580754,0.00045540055725723505,0.0,0.02564304694533348,0.0,0.0,0.0,0.0,0.0,0.0,0
1785981688,804095506,100.0,-1.4070327917682093,-1.3344319502459925,-1.1325820128070276,-4.618070785199301,-4.890639726315634,0.12707285583019257,-0.017679128795862198,-0.02058091014623642,-0.0005273059359751642,0.0004074636672157794,0.0,0.03309563547372818,0.0,0.0,0.0,0.0,0.0,0.0,0
1785981688,824204206,100.0,-1.4075005690204065,-1.3349831740008753,-1.132594410573141,-4.618070785199301,-4.890639726315634,0.12794770300388336,-0.021859226748347282,-0.027113111689686775,-0.00043143212678842247,0.0003834952076431364,0.0,0.041852109134197235,0.0,0.0,0.0,0.0,0.0,0.0,0
1785981688,844012260,100.0,-1.407800022755758,-1.3353784720050257,-1.1325462500201624,-4.618046824132101,-4.890603725110189,0.12865515053272247,-0.023700004443526268,-0.030896930024027824,-0.0004074636672157794,0.0019893813878297806,0.0,0.04713156074285507,0.0,0.0,0.0,0.0,0.0,0.0,0
1785981688,864096879,100.0,-1.4084833304034632,-1.3361457029925745,-1.1325581709491175,-4.617974583302633,-4.890603725110189,0.1298299878835678,-0.029580263420939445,-0.036368127912282944,-0.00033555831760168076,0.0019893813878297806,0.0,0.05421343818306923,0.0,0.0,0.0,0.0,0.0,0.0,0
1785981688,883991479,100.0,-1.4089511076556605,-1.3367932478534144,-1.132594410573141,-4.617914621029989,-4.890603725110189,0.1307171881198883,-0.033964890986680984,-0.041008420288562775,-0.0003115898580290377,0.002277002902701497,0.0,0.060502760112285614,0.0,0.0,0.0,0.0,0.0,0.0,0
1785981688,904112100,100.0,-1.409802261983053,-1.3378708998309534,-1.1325700918780726,-4.617854777966635,-4.890615765248434,0.13235977292060852,-0.03833673894405365,-0.04797524958848953,-0.00028762139845639467,0.002612561220303178,0.0,0.06970664858818054,0.0,0.0,0.0,0.0,0.0,0.0,0
1785981688,924003839,100.0,-1.410485569630758,-1.338614288960592,-1.1325700918780726,-4.61781877676119,-4.890627686177389,0.13346269726753235,-0.04270858317613602,-0.051592886447906494,-0.0002636529679875821,0.0028522456996142864,0.0,0.07507558166980743,0.0,0.0,0.0,0.0,0.0,0.0,0
1785981688,944014787,100.0,-1.4115403334247034,-1.3398726622210901,-1.132594410573141,-4.6177828947650355,-4.890603725110189,0.13533298671245575,-0.045226868242025375,-0.0548909455537796,-0.00023968450841493905,0.002229065867140889,0.0,0.08260487020015717,0.0,0.0,0.0,0.0,0.0,0.0,0
1785981688,963994264,100.0,-1.4123199621783655,-1.340783421193258,-1.1325581709491175,-4.617806855832235,-4.890627686177389,0.13671229779720306,-0.0477835014462471,-0.05753706395626068,-0.00021571606339421123,0.0014381069922819734,0.0,0.08875357359647751,0.0,0.0,0.0,0.0,0.0,0.0,0
1785981688,984069108,100.0,-1.4135540167437952,-1.3422215620623987,-1.1325581709491175,-4.617830816899435,-4.890639726315634,0.13890616595745087,-0.053101301193237305,-0.06244580075144768,-0.0001917476038215682,0.0009347695740871131,0.0,0.09450600296258926,0.0,0.0,0.0,0.0,0.0,0.0,0
1785981689,4094362,100.0,-1.414321247731344,-1.3432520071612757,-1.1325581709491175,-4.61784273782839,-4.890567723904745,0.14040493965148926,-0.054916512221097946,-0.0645422413945198,-0.0001917476038215682,0.0007430219557136297,0.0,0.09882671386003494,0.0,0.0,0.0,0.0,0.0,0.0,0
1785981689,24132251,100.0,-1.415748421345846,-1.3449299971209925,-1.1325700918780726,-4.617806855832235,-4.890603725110189,0.14285047352313995,-0.05921166017651558,-0.07035858929157257,-0.00016777915880084038,0.0005752427969127893,0.0,0.10786441713571548,0.0,0.0,0.0,0.0,0.0,0.0,0
1785981689,43998003,100.0,-1.4167197386371058,-1.3459723631488245,-1.132618252431051,-4.617758814488546,-4.890591684971945,0.1446608304977417,-0.06406926363706589,-0.07395065575838089,-0.00016777915880084038,0.0005033374764025211,0.0,0.11361684650182724,0.0,0.0,0.0,0.0,0.0,0.0,0
1785981689,64078569,100.0,-1.4182780424701136,-1.3478534857379358,-1.1325700918780726,-4.6177828947650355,-4.890567723904745,0.1474546492099762,-0.06654920428991318,-0.07774726301431656,-0.00016777915880084038,0.00043143212678842247,0.0,0.11750292778015137,0.0,0.0,0.0,0.0,0.0,0.0,0
1785981689,83975791,100.0,-1.419356648121969,-1.3491118589984339,-1.132749382649557,-4.617686931286947,-4.890615765248434,0.14931295812129974,-0.06874790787696838,-0.08101975172758102,-0.01176850963383913,0.0003834952076431364,0.0,0.12302526086568832,0.0,0.0,0.0,0.0,0.0,0.0,0
1785981689,104182004,100.0,-1.4210470358477991,-1.3510773817645472,-1.1328213850604456,-4.617710892354147,-4.890591684971945,0.15239402651786804,-0.07039693742990494,-0.08420276641845703,-0.003067961661145091,0.00033555831760168076,0.0,0.12776781618595123,0.0,0.0,0.0,0.0,0.0,0.0,0
1785981689,124024391,100.0,-1.4221623579608362,-1.352563206349508,-1.1328213850604456,-4.617806855832235,-4.890639726315634,0.15450400114059448,-0.07319644838571548,-0.08784596621990204,-0.001749696908518672,0.00033555831760168076,0.0,0.1344022899866104,0.0,0.0,0.0,0.0,0.0,0.0,0
1785981689,144280672,100.0,-1.423948113118307,-1.3546965757953089,-1.1328333059894007,-4.617758814488546,-4.890603725110189,0.15794497728347778,-0.07767055928707123,-0.0907093957066536,-0.0010546118719503284,0.00033555831760168076,0.0,0.13938772678375244,0.0,0.0,0.0,0.0,0.0,0.0,0
1785981689,164004564,100.0,-1.425195042287008,-1.3562305609332483,-1.1328213850604456,-4.617770854626791,-4.890603725110189,0.1602347046136856,-0.08080244064331055,-0.09356004744768143,-0.0008388957940042019,0.00033555831760168076,0.00014381069922819734,0.14355504512786865,0.0,0.0,0.0,0.0,0.0,0.0,0
1785981689,183998346,100.0,-1.427089039479391,-1.3584592978106897,-1.1328452269183558,-4.6177348534213465,-4.89053184190859,0.16373559832572937,-0.08640147000551224,-0.09839208424091339,-0.0006231797160580754,0.00033555831760168076,0.00014381069922819734,0.15003611147403717,0.0,0.0,0.0,0.0,0.0,0.0,0
1785981689,204010963,100.0,-1.428455654774801,-1.3600295225726526,-1.1328333059894007,-4.617758814488546,-4.890483919774191,0.1661212146282196,-0.08953334391117096,-0.10027121007442474,-0.0005512743955478072,0.00033555831760168076,0.0016298546688631177,0.154497429728508,0.0,0.0,0.0,0.0,0.0,0.0,0
1785981689,224082231,100.0,-1.4306853453265589,-1.3625338713275355,-1.132857624684469,-4.6177348534213465,-4.890375677739279,0.1698981076478958,-0.09292089194059372,-0.10606198757886887,-0.00045540055725723505,0.00033555831760168076,0.004026699811220169,0.1609657257795334,0.0,0.0,0.0,0.0,0.0,0.0,0
1785981689,244037151,100.0,-1.4321845213519495,-1.3641999403582972,-1.1328094641314905,-4.6177948156939905,-4.890387598668234,0.17248745262622833,-0.09292089194059372,-0.10841409116983414,-0.0004074636672157794,0.00033555831760168076,0.0020373184233903885,0.16575941443443298,0.0,0.0,0.0,0.0,0.0,0.0,0
1785981689,264204502,100.0,-1.434486214314596,-1.366800610219137,-1.1328695456134241,-4.6177348534213465,-4.890387598668234,0.17655198276042938,-0.0949917659163475,-0.11109855771064758,-0.00033555831760168076,0.00033555831760168076,0.0011504855938255787,0.17295633256435394,0.0,0.0,0.0,0.0,0.0,0.0,0
1785981689,284005641,100.0,-1.436044994984762,-1.368634049092428,-1.1328695456134241,-4.617710892354147,-4.890435997639791,0.17928551137447357,-0.09699872136116028,-0.1152147427201271,-0.0003115898580290377,0.00033555831760168076,0.0008868326549418271,0.17561523616313934,0.0,0.0,0.0,0.0,0.0,0.0,0
1785981689,304180383,100.0,-1.4384425322162073,-1.3713896910296839,-1.1328695456134241,-4.617758814488546,-4.890423957501547,0.18360131978988647,-0.09820033609867096,-0.11873011291027069,-0.00028762139845639467,0.0003115898580290377,0.0006711166352033615,0.18071572482585907,0.0,0.0,0.0,0.0,0.0,0.0,0
1785981689,324002027,100.0,-1.4400370756732386,-1.373319451008932,-1.1328933874713343,-4.617758814488546,-4.890423957501547,0.18649065494537354,-0.09997720271348953,-0.12248837202787399,-0.0002636529679875821,0.00028762139845639467,0.0005752427969127893,0.1861102283000946,0.0,0.0,0.0,0.0,0.0,0.0,0
1785981689,344113111,100.0,-1.4426024595843714,-1.3762558142291468,-1.1328933874713343,-4.6177348534213465,-4.890399638806478,0.19102218747138977,-0.10562736541032791,-0.12482769042253494,-0.00023968450841493905,0.0002636529679875821,0.00045540055725723505,0.18947219848632812,0.0,0.0,0.0,0.0,0.0,0.0,0
1785981689,364108562,100.0,-1.4443047682391565,-1.3783286253558558,-1.1328695456134241,-4.617722932492391,-4.890435997639791,0.19409127533435822,-0.10627930611371994,-0.12678351998329163,-0.00021571606339421123,0.00023968450841493905,0.0004074636672157794,0.19358837604522705,0.0,0.0,0.0,0.0,0.0,0.0,0
1785981689,384304285,100.0,-1.4468701521502894,-1.3814213911639612,-1.132857624684469,-4.6177348534213465,-4.890363637601034,0.1986950784921646,-0.10643270611763,-0.1308102160692215,-0.0001917476038215682,0.00021571606339421123,0.00035952674807049334,0.20051686465740204,0.0,0.0,0.0,0.0,0.0,0.0,0
1785981689,403970956,100.0,-1.4486568609820765,-1.383590046559469,-1.1328333059894007,-4.617722932492391,-4.890412036572592,0.20193195343017578,-0.10938561707735062,-0.13036280870437622,-0.0001917476038215682,0.00021571606339421123,0.00033555831760168076,0.20248547196388245,0.0,0.0,0.0,0.0,0.0,0.0,0
1785981689,424146890,100.0,-1.4513300100909632,-1.3867657820331019,-1.1327975432025355,-4.617698971425192,-4.890387598668234,0.20679941773414612,-0.11171215027570724,-0.13198626041412354,-0.00016777915880084038,0.0001917476038215682,0.00028762139845639467,0.20998919010162354,0.0,0.0,0.0,0.0,0.0,0.0,0
1785981689,444059848,100.0,-1.45306903520693,-1.3888633886920374,-1.1328933874713343,-4.617722932492391,-4.890375677739279,0.21014413237571716,-0.11296490579843521,-0.13284273445606232,-0.00016777915880084038,0.0001917476038215682,0.0002636529679875821,0.20842964947223663,0.0,0.0,0.0,0.0,0.0,0.0,0
1785981689,464125871,100.0,-1.455789868031637,-1.3920624891864222,-1.1328933874713343,-4.617710892354147,-4.890363637601034,0.215226948261261,-0.11737509816884995,-0.13683108985424042,-0.00016777915880084038,0.00016777915880084038,0.00023968450841493905,0.21693044900894165,0.0,0.0,0.0,0.0,0.0,0.0,0
1785981689,484014749,100.0,-1.457672421132223,-1.3942683378802698,-1.1329053084002894,-4.617710892354147,-4.890339676533834,0.21867990493774414,-0.11927979439496994,-0.14260908961296082,-0.00014381069922819734,0.00016777915880084038,0.00023968450841493905,0.21820877492427826,0.0,0.0,0.0,0.0,0.0,0.0,0
1785981689,504103660,100.0,-1.460501495991842,-1.3976596037494105,-1.132857624684469,-4.617710892354147,-4.890399638806478,0.22391851246356964,-0.1238178163766861,-0.14574095606803894,-0.00014381069922819734,0.00014381069922819734,0.00023968450841493905,0.21994727849960327,0.0,0.0,0.0,0.0,0.0,0.0,0
1785981689,523985624,100.0,-1.4625514189349573,-1.399996582661764,-1.1328213850604456,-4.617710892354147,-4.890412036572592,0.22751528024673462,-0.12620827555656433,-0.14815698564052582,-0.00014381069922819734,0.00014381069922819734,0.00023968450841493905,0.22631330788135529,0.0,0.0,0.0,0.0,0.0,0.0,0
1785981689,544170141,100.0,-1.4656088987933558,-1.4036157766925257,-1.1328695456134241,-4.617686931286947,-4.890375677739279,0.2329336404800415,-0.12788286805152893,-0.14898788928985596,-0.00011984225420746952,0.00014381069922819734,0.00023968450841493905,0.23023773729801178,0.0,0.0,0.0,0.0,0.0,0.0,0
1785981689,564034461,100.0,-1.4677909056292933,-1.4061086813556116,-1.1328695456134241,-4.617758814488546,-4.890423957501547,0.23653040826320648,-0.12974920868873596,-0.15165956318378448,-0.00011984225420746952,0.00011984225420746952,0.00023968450841493905,0.2327304631471634,0.0,0.0,0.0,0.0,0.0,0.0,0
1785981689,584310054,100.0,-1.4709323088275355,-1.4097040335284632,-1.1329291502581995,-4.6177348534213465,-4.890387598668234,0.24212853610515594,-0.12868820130825043,-0.15182575583457947,-0.00011984225420746952,0.00011984225420746952,0.00023968450841493905,0.23605407774448395,0.0,0.0,0.0,0.0,0.0,0.0,0
1785981689,604078769,100.0,-1.4729941526996058,-1.4122565428363245,-1.1328933874713343,-4.617686931286947,-4.890387598668234,0.24591705203056335,-0.1286115050315857,-0.1536409556865692,-0.00011984225420746952,0.00011984225420746952,0.00023968450841493905,0.23894308507442474,0.0,0.0,0.0,0.0,0.0,0.0,0
1785981689,624188184,100.0,-1.4762070814715784,-1.4160798231707972,-1.1329053084002894,-4.617651049290792,-4.890387598668234,0.25176721811294556,-0.13047784566879272,-0.153283029794693,-9.58738019107841e-05,0.00011984225420746952,0.00023968450841493905,0.24273967742919922,0.0,0.0,0.0,0.0,0.0,0.0,0
1785981689,644021749,100.0,-1.4782937208758753,-1.4185603300677698,-1.1328695456134241,-4.617710892354147,-4.890375677739279,0.25562727451324463,-0.1319095641374588,-0.15537947416305542,-9.58738019107841e-05,0.00011984225420746952,0.00023968450841493905,0.24245844781398773,0.0,0.0,0.0,0.0,0.0,0.0,0
1785981689,663887262,100.0,-1.481530491505758,-1.4223116079913538,-1.1329053084002894,-4.617710892354147,-4.890375677739279,0.261465460062027,-0.13615357875823975,-0.15728417038917542,-9.58738019107841e-05,9.58738019107841e-05,0.00023968450841493905,0.24800634384155273,0.0,0.0,0.0,0.0,0.0,0.0,0
1785981689,684063196,100.0,-1.4835808912860315,-1.4248164335833948,-1.1328814665423792,-4.617675010357992,-4.890375677739279,0.26542139053344727,-0.13414661586284637,-0.15930390357971191,-9.58738019107841e-05,9.58738019107841e-05,0.00023968450841493905,0.24973207712173462,0.0,0.0,0.0,0.0,0.0,0.0,0
1785981689,704259634,100.0,-1.4867818991290491,-1.4286754767047327,-1.132857624684469,-4.617698971425192,-4.890399638806478,0.2714030146598816,-0.13810940086841583,-0.16269144415855408,-9.58738019107841e-05,9.58738019107841e-05,0.00023968450841493905,0.25419339537620544,0.0,0.0,0.0,0.0,0.0,0.0,0
1785981689,724053621,100.0,-1.4889400641070765,-1.4312403837787073,-1.1328695456134241,-4.617686931286947,-4.890399638806478,0.2754671573638916,-0.1408066600561142,-0.1672678291797638,-9.58738019107841e-05,9.58738019107841e-05,0.00023968450841493905,0.25281283259391785,0.0,0.0,0.0,0.0,0.0,0.0,0
1785981689,744220495,100.0,-1.49235707918276,-1.4352906386004847,-1.1328814665423792,-4.617698971425192,-4.890412036572592,0.28159257769584656,-0.1464696079492569,-0.16884015500545502,-7.190534961409867e-05,9.58738019107841e-05,0.00021571606339421123,0.25691622495651245,0.0,0.0,0.0,0.0,0.0,0.0,0
1785981689,764066457,100.0,-1.4946711699115198,-1.4379757086383265,-1.1328695456134241,-4.617710892354147,-4.890339676533834,0.2856926918029785,-0.14482057094573975,-0.16991394758224487,-7.190534961409867e-05,9.58738019107841e-05,0.00021571606339421123,0.25917884707450867,0.0,0.0,0.0,0.0,0.0,0.0,0
1785981689,784081459,100.0,-1.498171631489889,-1.4421704451190394,-1.1328933874713343,-4.617710892354147,-4.890412036572592,0.2919256091117859,-0.1464184671640396,-0.17218933999538422,-7.190534961409867e-05,7.190534961409867e-05,0.0001917476038215682,0.26264306902885437,0.0,0.0,0.0,0.0,0.0,0.0,0
1785981689,804089784,100.0,-1.5005696455584925,-1.444878880177633,-1.132857624684469,-4.617686931286947,-4.890327755604879,0.29612159729003906,-0.14751781523227692,-0.17271345853805542,-7.190534961409867e-05,7.190534961409867e-05,0.0001917476038215682,0.2645094394683838,0.0,0.0,0.0,0.0,0.0,0.0,0
1785981689,824175357,100.0,-1.5042145887957972,-1.4491689840899866,-1.1328452269183558,-4.6177348534213465,-4.890375677739279,0.30239084362983704,-0.15021507441997528,-0.1719464659690857,-7.190534961409867e-05,7.190534961409867e-05,0.00016777915880084038,0.2668231725692749,0.0,0.0,0.0,0.0,0.0,0.0,0
1785981689,843994140,100.0,-1.5065887610064905,-1.4519255797015589,-1.1328814665423792,-4.6177828947650355,-4.890399638806478,0.30667033791542053,-0.1483742892742157,-0.1719464659690857,-7.190534961409867e-05,7.190534961409867e-05,0.00016777915880084038,0.26622235774993896,0.0,0.0,0.0,0.0,0.0,0.0,0
1785981689,864225625,100.0,-1.5100896994220179,-1.4560487906085413,-1.1328933874713343,-4.617698971425192,-4.890351716672079,0.3132036030292511,-0.14580488204956055,-0.17259840667247772,-7.190534961409867e-05,7.190534961409867e-05,0.00014381069922819734,0.26911136507987976,0.0,0.0,0.0,0.0,0.0,0.0,0
1785981689,883970737,100.0,-1.5123918692218226,-1.4588292280780237,-1.1328452269183558,-4.6177348534213465,-4.890363637601034,0.317590594291687,-0.14746668934822083,-0.17546184360980988,-7.190534961409867e-05,7.190534961409867e-05,0.00014381069922819734,0.2693670392036438,0.0,0.0,0.0,0.0,0.0,0.0,0
1785981689,904073238,100.0,-1.5159524122821253,-1.4630239645587366,-1.132857624684469,-4.617770854626791,-4.890387598668234,0.32409989833831787,-0.14944808185100555,-0.17712365090847015,-7.190534961409867e-05,7.190534961409867e-05,0.00014381069922819734,0.2724733352661133,0.0,0.0,0.0,0.0,0.0,0.0,0
1785981689,924058198,100.0,-1.5182302633868616,-1.4658644835101526,-1.132857624684469,-4.6177828947650355,-4.890339676533834,0.3284868597984314,-0.15171070396900177,-0.17743045091629028,-7.190534961409867e-05,4.793690095539205e-05,0.00011984225420746952,0.27274179458618164,0.0,0.0,0.0,0.0,0.0,0.0,0
1785981689,943936586,100.0,-1.5218513647662562,-1.4701789061175745,-1.1328452269183558,-4.617675010357992,-4.890375677739279,0.335043728351593,-0.1534619927406311,-0.18198125064373016,0.0003115898580290377,4.793690095539205e-05,0.00011984225420746952,0.2739945352077484,0.0,0.0,0.0,0.0,0.0,0.0,0
1785981689,964068412,100.0,-1.524261776600973,-1.4731033484088343,-1.1328213850604456,-4.617746893559591,-4.890351716672079,0.33952659368515015,-0.15555843710899353,-0.1815977692604065,0.0003115898580290377,4.793690095539205e-05,0.00011984225420746952,0.2723838686943054,0.0,0.0,0.0,0.0,0.0,0.0,0
1785981689,984582424,100.0,-1.528050724660055,-1.4775260130511683,-1.1328814665423792,-4.617686931286947,-4.890363637601034,0.3462156653404236,-0.15867753326892853,-0.1810225248336792,0.0003115898580290377,4.793690095539205e-05,0.00011984225420746952,0.2767045795917511,0.0,0.0,0.0,0.0,0.0,0.0,0
1785981690,3942728,100.0,-1.5306404272662562,-1.4804742972003382,-1.1327975432025355,-4.617710892354147,-4.890327755604879,0.35069888830184937,-0.15782105922698975,-0.17984646558761597,0.0012463594321161509,4.793690095539205e-05,0.00011984225420746952,0.27221769094467163,0.0,0.0,0.0,0.0,0.0,0.0,0
1785981690,24605751,100.0,-1.5344050566302698,-1.4848368803607386,-1.1327255407916468,-4.617698971425192,-4.890363637601034,0.3573508858680725,-0.1542162001132965,-0.1776733249425888,0.004026699811220169,4.793690095539205e-05,9.58738019107841e-05,0.27858370542526245,0.0,0.0,0.0,0.0,0.0,0.0,0
1785981690,44018030,100.0,-1.5369589964496058,-1.4876773993121546,-1.132749382649557,-4.617746893559591,-4.890351716672079,0.36182209849357605,-0.15462526679039001,-0.18022996187210083,0.0020133499056100845,4.793690095539205e-05,9.58738019107841e-05,0.2767173647880554,0.0,0.0,0.0,0.0,0.0,0.0,0
1785981690,64118623,100.0,-1.540652100239889,-1.4920161406146448,-1.132749382649557,-4.6177348534213465,-4.890315715466635,0.3685583770275116,-0.1539861112833023,-0.18255649507045746,0.0011504855938255787,4.793690095539205e-05,9.58738019107841e-05,0.27811071276664734,0.0,0.0,0.0,0.0,0.0,0.0,0
1785981690,83990097,100.0,-1.5430501143084925,-1.4948566595660608,-1.132749382649557,-4.617710892354147,-4.890351716672079,0.37312549352645874,-0.155315563082695,-0.18485747277736664,0.0008868326549418271,4.793690095539205e-05,9.58738019107841e-05,0.2800537645816803,0.0,0.0,0.0,0.0,0.0,0.0,0
1785981690,104147672,100.0,-1.546671215687887,-1.4992793242083948,-1.1327374617206019,-4.617758814488546,-4.890315715466635,0.38001754879951477,-0.1534619927406311,-0.18713288009166718,0.0006711166352033615,4.793690095539205e-05,9.58738019107841e-05,0.2794145941734314,0.0,0.0,0.0,0.0,0.0,0.0,0
1785981690,124001741,100.0,-1.5490935484515589,-1.5022156874286097,-1.1327737013446253,-4.6177348534213465,-4.890339676533834,0.3845363259315491,-0.15661944448947906,-0.1877209097146988,0.0005752427969127893,4.793690095539205e-05,9.58738019107841e-05,0.2801688015460968,0.0,0.0,0.0,0.0,0.0,0.0,0
1785981690,144233465,100.0,-1.552774731312887,-1.506697956715719,-1.1326897780047815,-4.617722932492391,-4.890351716672079,0.39134448766708374,-0.16161766648292542,-0.18687722086906433,0.00045540055725723505,4.793690095539205e-05,9.58738019107841e-05,0.28030943870544434,0.0,0.0,0.0,0.0,0.0,0.0,0
1785981690,164071083,100.0,-1.5553162733661097,-1.5096944014178675,-1.1327255407916468,-4.6177348534213465,-4.890375677739279,0.3958752751350403,-0.16179662942886353,-0.18704339861869812,0.0004074636672157794,4.793690095539205e-05,7.190534961409867e-05,0.27858370542526245,0.0,0.0,0.0,0.0,0.0,0.0,0
1785981690,184291124,100.0,-1.5590689818011683,-1.5141289869891565,-1.1327737013446253,-4.617722932492391,-4.890327755604879,0.4026954472064972,-0.15966184437274933,-0.18485747277736664,0.00035952674807049334,4.793690095539205e-05,7.190534961409867e-05,0.2777911424636841,0.0,0.0,0.0,0.0,0.0,0.0,0
1785981690,204030275,100.0,-1.561683479939596,-1.5170415083514612,-1.1327737013446253,-4.6177828947650355,-4.890363637601034,0.4072382152080536,-0.15966184437274933,-0.1884111911058426,0.00033555831760168076,4.793690095539205e-05,7.190534961409867e-05,0.2789032757282257,0.0,0.0,0.0,0.0,0.0,0.0,0
1785981690,223979473,100.0,-1.565604035054342,-1.5214999357806605,-1.1327136198626917,-4.617770854626791,-4.890327755604879,0.41401004791259766,-0.1595340073108673,-0.18695391714572906,0.00028762139845639467,4.793690095539205e-05,7.190534961409867e-05,0.27955523133277893,0.0,0.0,0.0,0.0,0.0,0.0,0
1785981690,243985176,100.0,-1.5682185331927698,-1.5244124571429651,-1.1327136198626917,-4.617770854626791,-4.890363637601034,0.4185168445110321,-0.15746313333511353,-0.1880660504102707,0.0002636529679875821,4.793690095539205e-05,7.190534961409867e-05,0.28158774971961975,0.0,0.0,0.0,0.0,0.0,0.0,0
1785981690,264323472,100.0,-1.5719473997699183,-1.528919521962301,-1.1327255407916468,-4.6177348534213465,-4.890351716672079,0.4253130257129669,-0.1540372371673584,-0.18746523559093475,0.00023968450841493905,4.793690095539205e-05,7.190534961409867e-05,0.2801688015460968,0.0,0.0,0.0,0.0,0.0,0.0,0
1785981690,284011125,100.0,-1.5744412581073206,-1.5319159666644495,-1.1327016989337366,-4.6177348534213465,-4.8903037945376795,0.4298434555530548,-0.15497040748596191,-0.18901200592517853,0.00021571606339421123,4.793690095539205e-05,7.190534961409867e-05,0.280565083026886,0.0,0.0,0.0,0.0,0.0,0.0,0
1785981690,304133892,100.0,-1.5780509153949183,-1.5364468733416956,-1.1326773802386683,-4.617746893559591,-4.890387598668234,0.43659132719039917,-0.15603141486644745,-0.18779760599136353,0.00021571606339421123,4.793690095539205e-05,7.190534961409867e-05,0.280565083026886,0.0,0.0,0.0,0.0,0.0,0.0,0
1785981690,324028491,100.0,-1.5805090109454554,-1.5394070784198206,-1.1327016989337366,-4.617710892354147,-4.890399638806478,0.4411696791648865,-0.15645326673984528,-0.18394987285137177,0.0001917476038215682,4.793690095539205e-05,7.190534961409867e-05,0.2806801497936249,0.0,0.0,0.0,0.0,0.0,0.0,0
1785981690,344362974,100.0,-1.5840938727008265,-1.5439017454730433,-1.132749382649557,-4.617746893559591,-4.890315715466635,0.44796547293663025,-0.15757818520069122,-0.18288886547088623,0.0001917476038215682,4.793690095539205e-05,7.190534961409867e-05,0.2792356312274933,0.0,0.0,0.0,0.0,0.0,0.0,0
1785981690,364189147,100.0,-1.5866482893573206,-1.5468147436725062,-1.1327136198626917,-4.6177348534213465,-4.890327755604879,0.4524119794368744,-0.15879258513450623,-0.17991037666797638,0.00016777915880084038,4.793690095539205e-05,7.190534961409867e-05,0.27991315722465515,0.0,0.0,0.0,0.0,0.0,0.0,0
1785981690,384556770,100.0,-1.5904730002032679,-1.551141087208883,-1.1327374617206019,-4.617710892354147,-4.890327755604879,0.4590160548686981,-0.15776993334293365,-0.1826971173286438,0.00016777915880084038,4.793690095539205e-05,4.793690095539205e-05,0.27876266837120056,0.0,0.0,0.0,0.0,0.0,0.0,0
1785981690,404011487,100.0,-1.5930035750018519,-1.5540059248553675,-1.1327737013446253,-4.617758814488546,-4.890327755604879,0.4635108709335327,-0.15782105922698975,-0.18129096925258636,0.00014381069922819734,4.793690095539205e-05,4.793690095539205e-05,0.275669127702713,0.0,0.0,0.0,0.0,0.0,0.0,0
1785981690,424190521,100.0,-1.5968526045428675,-1.558357063923971,-1.1327016989337366,-4.617770854626791,-4.890351716672079,0.47006624937057495,-0.15544338524341583,-0.1832084357738495,0.00014381069922819734,4.793690095539205e-05,4.793690095539205e-05,0.2780340313911438,0.0,0.0,0.0,0.0,0.0,0.0,0
1785981690,444088935,100.0,-1.599382225667135,-1.561281983052389,-1.1326773802386683,-4.617758814488546,-4.890327755604879,0.4745371341705322,-0.15255439281463623,-0.18388594686985016,0.00014381069922819734,4.793690095539205e-05,4.793690095539205e-05,0.2784814238548279,0.0,0.0,0.0,0.0,0.0,0.0,0
1785981690,464335441,100.0,-1.6018527189837855,-1.5641463438617151,-1.1327255407916468,-4.6177348534213465,-4.890327755604879,0.4788873791694641,-0.15194080770015717,-0.18221135437488556,0.00014381069922819734,4.793690095539205e-05,4.793690095539205e-05,0.2783791720867157,0.0,0.0,0.0,0.0,0.0,0.0,0
1785981690,484131574,100.0,-1.6030519644366663,-1.5654290358172815,-1.1327255407916468,-4.617686931286947,-4.890375677739279,0.48110446333885193,-0.1531168520450592,-0.1793990582227707,0.00011984225420746952,4.793690095539205e-05,4.793690095539205e-05,0.2783791720867157,0.0,0.0,0.0,0.0,0.0,0.0,0
1785981690,504128217,100.0,-1.6030519644366663,-1.5654290358172815,-1.1327255407916468,-4.617686931286947,-4.890375677739279,0.48110446333885193,-0.1531168520450592,-0.1793990582227707,0.00011984225420746952,4.793690095539205e-05,4.793690095539205e-05,0.2783791720867157,0.0,0.0,0.0,0.0,0.0,0.0,0
1785981690,524113178,100.0,-1.6030519644366663,-1.5654290358172815,-1.1327255407916468,-4.617686931286947,-4.890375677739279,0.48110446333885193,-0.1531168520450592,-0.1793990582227707,0.00011984225420746952,4.793690095539205e-05,4.793690095539205e-05,0.2783791720867157,0.0,0.0,0.0,0.0,0.0,0.0,0
1785981690,544139623,100.0,-1.6030519644366663,-1.5654290358172815,-1.1327255407916468,-4.617686931286947,-4.890375677739279,0.48110446333885193,-0.1531168520450592,-0.1793990582227707,0.00011984225420746952,4.793690095539205e-05,4.793690095539205e-05,0.2783791720867157,0.0,0.0,0.0,0.0,0.0,0.0,0
1785981690,564132928,100.0,-1.6030519644366663,-1.5654290358172815,-1.1327255407916468,-4.617686931286947,-4.890375677739279,0.48110446333885193,-0.1531168520450592,-0.1793990582227707,0.00011984225420746952,4.793690095539205e-05,4.793690095539205e-05,0.2783791720867157,0.0,0.0,0.0,0.0,0.0,0.0,0
1785981690,584119558,100.0,-1.6196239630328577,-1.5852540175067347,-1.1326897780047815,-4.6177348534213465,-4.890375677739279,0.511497974395752,-0.1476200819015503,-0.1752445250749588,9.58738019107841e-05,4.793690095539205e-05,4.793690095539205e-05,0.2714379131793976,0.0,0.0,0.0,0.0,0.0,0.0,0
1785981690,604168891,100.0,-1.6232450644122522,-1.589353386555807,-1.1327016989337366,-4.617758814488546,-4.890375677739279,0.5178735852241516,-0.14758174121379852,-0.174950510263443,9.58738019107841e-05,4.793690095539205e-05,4.793690095539205e-05,0.26604339480400085,0.0,0.0,0.0,0.0,0.0,0.0,0
1785981690,624110698,100.0,-1.6244686285602015,-1.590743366871969,-1.1327374617206019,-4.617758814488546,-4.890315715466635,0.5200071334838867,-0.14783740043640137,-0.17510391771793365,9.58738019107841e-05,4.793690095539205e-05,4.793690095539205e-05,0.2644455134868622,0.0,0.0,0.0,0.0,0.0,0.0,0
1785981690,644123077,100.0,-1.629181210194723,-1.596353832875387,-1.1327255407916468,-4.617758814488546,-4.890363637601034,0.5283481478691101,-0.1454852968454361,-0.1710899919271469,9.58738019107841e-05,4.793690095539205e-05,4.793690095539205e-05,0.26176103949546814,0.0,0.0,0.0,0.0,0.0,0.0,0
1785981690,664098262,100.0,-1.6315434614764612,-1.5991218725787562,-1.1327374617206019,-4.617806855832235,-4.890375677739279,0.5324587821960449,-0.14143303036689758,-0.17222769558429718,9.58738019107841e-05,4.793690095539205e-05,4.793690095539205e-05,0.26031655073165894,0.0,0.0,0.0,0.0,0.0,0.0,0
1785981690,684085130,100.0,-1.6348889509784144,-1.6032217184649866,-1.1326659361468714,-4.617770854626791,-4.890315715466635,0.5386905670166016,-0.13900423049926758,-0.16517138481140137,9.58738019107841e-05,4.793690095539205e-05,4.793690095539205e-05,0.2579133212566376,0.0,0.0,0.0,0.0,0.0,0.0,0
1785981690,704148054,100.0,-1.6371434370623987,-1.6059425512896937,-1.1326897780047815,-4.617746893559591,-4.890375677739279,0.5428131222724915,-0.13833950459957123,-0.16597671806812286,7.190534961409867e-05,4.793690095539205e-05,4.793690095539205e-05,0.25760650634765625,0.0,0.0,0.0,0.0,0.0,0.0,0
1785981690,724133968,100.0,-1.6404412428485315,-1.6098139921771448,-1.1326897780047815,-4.617746893559591,-4.890339676533834,0.5487812757492065,-0.13828836381435394,-0.1601603776216507,7.190534961409867e-05,4.793690095539205e-05,4.793690095539205e-05,0.25317075848579407,0.0,0.0,0.0,0.0,0.0,0.0,0
1785981690,744097709,100.0,-1.6425517241107386,-1.612415615712301,-1.1327136198626917,-4.617758814488546,-4.890339676533834,0.5527840256690979,-0.13628141582012177,-0.16003255546092987,7.190534961409867e-05,4.793690095539205e-05,4.793690095539205e-05,0.25120213627815247,0.0,0.0,0.0,0.0,0.0,0.0,0
1785981690,764061212,100.0,-1.6457536856280726,-1.616239372883932,-1.1327136198626917,-4.617758814488546,-4.890363637601034,0.5587761402130127,-0.13493917882442474,-0.15892040729522705,7.190534961409867e-05,4.793690095539205e-05,4.793690095539205e-05,0.2481597512960434,0.0,0.0,0.0,0.0,0.0,0.0,0
1785981690,785423517,100.0,-1.6489556471454065,-1.6199668089496058,-1.1327255407916468,-4.617758814488546,-4.890351716672079,0.5647079348564148,-0.13490082323551178,-0.16065892577171326,7.190534961409867e-05,4.793690095539205e-05,4.793690095539205e-05,0.24501508474349976,0.0,0.0,0.0,0.0,0.0,0.0,0
1785981690,804055213,100.0,-1.651125733052389,-1.62246019044985,-1.1327016989337366,-4.6177348534213465,-4.890351716672079,0.5685428977012634,-0.1344022899866104,-0.15966184437274933,7.190534961409867e-05,4.793690095539205e-05,4.793690095539205e-05,0.24080942571163177,0.0,0.0,0.0,0.0,0.0,0.0,0
1785981690,824054241,100.0,-1.6533082167254847,-1.6250856558429163,-1.1326897780047815,-4.6177348534213465,-4.890327755604879,0.5723894238471985,-0.13472186028957367,-0.15879258513450623,7.190534961409867e-05,4.793690095539205e-05,4.793690095539205e-05,0.23931379616260529,0.0,0.0,0.0,0.0,0.0,0.0,0
1785981690,844101190,100.0,-1.6565583387957972,-1.6287534872638147,-1.1327255407916468,-4.6177348534213465,-4.890351716672079,0.578033983707428,-0.13008157908916473,-0.1543312519788742,7.190534961409867e-05,4.793690095539205e-05,2.3968450477696024e-05,0.23368918895721436,0.0,0.0,0.0,0.0,0.0,0.0,0
1785981690,864488124,100.0,-1.6596882979022425,-1.6324451605426233,-1.1327374617206019,-4.617758814488546,-4.890363637601034,0.5834984183311462,-0.12640002369880676,-0.15076474845409393,7.190534961409867e-05,4.793690095539205e-05,2.3968450477696024e-05,0.23019938170909882,0.0,0.0,0.0,0.0,0.0,0.0,0
1785981690,884084224,100.0,-1.6617391745196741,-1.634890381489889,-1.1327136198626917,-4.617710892354147,-4.8903037945376795,0.5871655941009521,-0.12440584599971771,-0.14778627455234528,7.190534961409867e-05,4.793690095539205e-05,2.3968450477696024e-05,0.2261471152305603,0.0,0.0,0.0,0.0,0.0,0.0,0
1785981690,904103279,100.0,-1.6637056509601038,-1.637287441884176,-1.132749382649557,-4.617710892354147,-4.890339676533834,0.5907964706420898,-0.12132509797811508,-0.14543417096138,7.190534961409867e-05,4.793690095539205e-05,2.3968450477696024e-05,0.22697803378105164,0.0,0.0,0.0,0.0,0.0,0.0,0
1785981690,924059629,100.0,-1.666619602833883,-1.6406920591937464,-1.1326659361468714,-4.6177828947650355,-4.890351716672079,0.5962013602256775,-0.11843610554933548,-0.1397072970867157,4.793690095539205e-05,4.793690095539205e-05,2.3968450477696024e-05,0.2200751155614853,0.0,0.0,0.0,0.0,0.0,0.0,0
1785981690,944691181,100.0,-1.669462029133932,-1.6440961996661585,-1.1327136198626917,-4.617746893559591,-4.890375677739279,0.6014736294746399,-0.11664646118879318,-0.13956668972969055,4.793690095539205e-05,4.793690095539205e-05,2.3968450477696024e-05,0.21533255279064178,0.0,0.0,0.0,0.0,0.0,0.0,0
1785981690,964135885,100.0,-1.671164337788717,-1.6462419668780726,-1.1326897780047815,-4.617758814488546,-4.890339676533834,0.6048412322998047,-0.1167103722691536,-0.13793043792247772,4.793690095539205e-05,4.793690095539205e-05,2.3968450477696024e-05,0.21185553073883057,0.0,0.0,0.0,0.0,0.0,0.0,0
1785981690,984560489,100.0,-1.674018685017721,-1.6495025793658655,-1.1327374617206019,-4.617770854626791,-4.890339676533834,0.6098982095718384,-0.11443497240543365,-0.1366521269083023,4.793690095539205e-05,4.793690095539205e-05,2.3968450477696024e-05,0.20688287913799286,0.0,0.0,0.0,0.0,0.0,0.0,0
1785981691,4084825,100.0,-1.6757696310626429,-1.651696507130758,-1.1327374617206019,-4.617722932492391,-4.890375677739279,0.6131579279899597,-0.11501020938158035,-0.1341082751750946,4.793690095539205e-05,4.793690095539205e-05,2.3968450477696024e-05,0.20469695329666138,0.0,0.0,0.0,0.0,0.0,0.0,0
1785981691,24684190,100.0,-1.6784680525409144,-1.6548851172076624,-1.1327374617206019,-4.617722932492391,-4.890363637601034,0.6180826425552368,-0.11453723162412643,-0.13233141601085663,4.793690095539205e-05,4.793690095539205e-05,2.3968450477696024e-05,0.1987527757883072,0.0,0.0,0.0,0.0,0.0,0.0,0
1785981691,44183015,100.0,-1.6802070776568812,-1.6569588820086878,-1.1327016989337366,-4.617746893559591,-4.890375677739279,0.621234118938446,-0.11067671328783035,-0.12840697169303894,4.793690095539205e-05,4.793690095539205e-05,2.3968450477696024e-05,0.19611944258213043,0.0,0.0,0.0,0.0,0.0,0.0,0
1785981691,64152240,100.0,-1.6818974653827112,-1.6590803305255335,-1.1327374617206019,-4.617698971425192,-4.890387598668234,0.6243740320205688,-0.10671393573284149,-0.12593983113765717,4.793690095539205e-05,4.793690095539205e-05,2.3968450477696024e-05,0.19138967990875244,0.0,0.0,0.0,0.0,0.0,0.0,0
1785981691,84087371,100.0,-1.6827972571002405,-1.6600874106036585,-1.1326773802386683,-4.617722932492391,-4.890351716672079,0.625931978225708,-0.10688011348247528,-0.1238178163766861,4.793690095539205e-05,4.793690095539205e-05,2.3968450477696024e-05,0.1914791613817215,0.0,0.0,0.0,0.0,0.0,0.0,0
1785981691,104197025,100.0,-1.687054459248678,-1.6649301687823694,-1.1326773802386683,-4.617746893559591,-4.8903037945376795,0.6333494782447815,-0.10200972110033035,-0.11697882413864136,4.793690095539205e-05,4.793690095539205e-05,2.3968450477696024e-05,0.18145714700222015,0.0,0.0,0.0,0.0,0.0,0.0,0
1785981691,124082326,100.0,-1.688709561024801,-1.666920010243551,-1.1326897780047815,-4.6177348534213465,-4.890327755604879,0.6362971663475037,-0.09853269904851913,-0.11599451303482056,4.793690095539205e-05,4.793690095539205e-05,2.3968450477696024e-05,0.1810225248336792,0.0,0.0,0.0,0.0,0.0,0.0,0
1785981691,144686222,100.0,-1.6911199728595179,-1.6696646849261683,-1.1327016989337366,-4.6177828947650355,-4.890339676533834,0.6404669284820557,-0.09485115110874176,-0.11062557995319366,4.793690095539205e-05,4.793690095539205e-05,2.3968450477696024e-05,0.17180585861206055,0.0,0.0,0.0,0.0,0.0,0.0,0
1785981691,164057970,100.0,-1.6926310698138636,-1.6713674704181116,-1.1327374617206019,-4.617770854626791,-4.890375677739279,0.6432113647460938,-0.0918087512254715,-0.10643270611763,4.793690095539205e-05,4.793690095539205e-05,2.3968450477696024e-05,0.17028465867042542,0.0,0.0,0.0,0.0,0.0,0.0,0
1785981691,184554338,100.0,-1.694897476826803,-1.673884693776266,-1.1327374617206019,-4.617722932492391,-4.890363637601034,0.6471298336982727,-0.08802492916584015,-0.10587023943662643,4.793690095539205e-05,4.793690095539205e-05,2.3968450477696024e-05,0.16237187385559082,0.0,0.0,0.0,0.0,0.0,0.0,0
1785981691,204092979,100.0,-1.6962645689593714,-1.6756227652179163,-1.132749382649557,-4.617746893559591,-4.890351716672079,0.6498138904571533,-0.08539159595966339,-0.10240600258111954,4.793690095539205e-05,4.793690095539205e-05,2.3968450477696024e-05,0.15834516286849976,0.0,0.0,0.0,0.0,0.0,0.0,0
1785981691,224367618,100.0,-1.6983397642718714,-1.6779959837542933,-1.1326773802386683,-4.617710892354147,-4.890327755604879,0.6535406112670898,-0.08329515904188156,-0.09844321757555008,4.793690095539205e-05,4.793690095539205e-05,2.3968450477696024e-05,0.1544463038444519,0.0,0.0,0.0,0.0,0.0,0.0,0
1785981691,244070768,100.0,-1.6996224562274378,-1.679554287587301,-1.1326897780047815,-4.617758814488546,-4.890351716672079,0.6560809016227722,-0.07998431473970413,-0.09635955840349197,4.793690095539205e-05,4.793690095539205e-05,2.3968450477696024e-05,0.15001054108142853,0.0,0.0,0.0,0.0,0.0,0.0,0
1785981691,264401674,100.0,-1.7015770117389124,-1.681784454976217,-1.1326897780047815,-4.6177348534213465,-4.890339676533834,0.6595435738563538,-0.0774276852607727,-0.09432704001665115,4.793690095539205e-05,4.793690095539205e-05,2.3968450477696024e-05,0.14310762286186218,0.0,0.0,0.0,0.0,0.0,0.0,0
1785981691,283982276,100.0,-1.7027767340289515,-1.6832826773272913,-1.1327255407916468,-4.617710892354147,-4.890327755604879,0.6617966294288635,-0.07602152973413467,-0.09242234379053116,4.793690095539205e-05,2.3968450477696024e-05,2.3968450477696024e-05,0.13677996397018433,0.0,0.0,0.0,0.0,0.0,0.0,0
1785981691,304084777,100.0,-1.7045639196978968,-1.6854761282550257,-1.1327374617206019,-4.6177348534213465,-4.890363637601034,0.6649960279464722,-0.07305583357810974,-0.08898366987705231,4.793690095539205e-05,2.3968450477696024e-05,2.3968450477696024e-05,0.13078464567661285,0.0,0.0,0.0,0.0,0.0,0.0,0
1785981691,324002504,100.0,-1.7056906859027308,-1.6868069807635706,-1.1327016989337366,-4.6177348534213465,-4.890375677739279,0.6670330166816711,-0.07058868557214737,-0.08518707007169724,4.793690095539205e-05,2.3968450477696024e-05,2.3968450477696024e-05,0.12825357913970947,0.0,0.0,0.0,0.0,0.0,0.0,0
1785981691,344436883,100.0,-1.7073219458209437,-1.688796345387594,-1.1327255407916468,-4.617758814488546,-4.890315715466635,0.6700170636177063,-0.06571829319000244,-0.08052121102809906,4.793690095539205e-05,2.3968450477696024e-05,2.3968450477696024e-05,0.12209209054708481,0.0,0.0,0.0,0.0,0.0,0.0,0
1785981691,364128351,100.0,-1.7082937399493616,-1.6900675932513636,-1.1327136198626917,-4.6177348534213465,-4.890375677739279,0.6718502640724182,-0.06369855254888535,-0.07570195198059082,2.3968450477696024e-05,2.3968450477696024e-05,0.0,0.11697882413864136,0.0,0.0,0.0,0.0,0.0,0.0,0
1785981691,384135961,100.0,-1.709780518208639,-1.691805664693014,-1.132749382649557,-4.617770854626791,-4.890399638806478,0.6745939254760742,-0.060502760112285614,-0.0734393298625946,2.3968450477696024e-05,2.3968450477696024e-05,0.0,0.11015260964632034,0.0,0.0,0.0,0.0,0.0,0.0,0
1785981691,404056787,100.0,-1.7107399145709437,-1.692932430897848,-1.1327255407916468,-4.617758814488546,-4.890412036572592,0.6762836575508118,-0.05908382683992386,-0.06868398934602737,2.3968450477696024e-05,2.3968450477696024e-05,0.0,0.10578075796365738,0.0,0.0,0.0,0.0,0.0,0.0,0
1785981691,424469947,100.0,-1.7121313253985804,-1.694526497517721,-1.1327374617206019,-4.617710892354147,-4.890387598668234,0.6786921620368958,-0.053356967866420746,-0.0628676488995552,2.3968450477696024e-05,2.3968450477696024e-05,0.0,0.09863496571779251,0.0,0.0,0.0,0.0,0.0,0.0,0
1785981691,444006919,100.0,-1.7130544821368616,-1.695510212575094,-1.1327255407916468,-4.617722932492391,-4.890351716672079,0.6802856922149658,-0.052628327161073685,-0.05901991203427315,2.3968450477696024e-05,2.3968450477696024e-05,0.0,0.09191101789474487,0.0,0.0,0.0,0.0,0.0,0.0,0
1785981691,464452028,100.0,-1.7142294088946741,-1.6969121138202112,-1.1327255407916468,-4.617758814488546,-4.890375677739279,0.682406485080719,-0.047323308885097504,-0.054545801132917404,2.3968450477696024e-05,2.3968450477696024e-05,0.0,0.08590292930603027,0.0,0.0,0.0,0.0,0.0,0.0,0
1785981691,484130620,100.0,-1.714961353932516,-1.6977513472186487,-1.1326897780047815,-4.6177348534213465,-4.890351716672079,0.6837367415428162,-0.04497120529413223,-0.05123496055603027,2.3968450477696024e-05,2.3968450477696024e-05,0.0,0.08093027025461197,0.0,0.0,0.0,0.0,0.0,0.0,0
1785981691,504545211,100.0,-1.7160046736346644,-1.6989739576922815,-1.1327255407916468,-4.617758814488546,-4.890351716672079,0.6855699419975281,-0.039563920348882675,-0.04603220894932747,2.3968450477696024e-05,2.3968450477696024e-05,0.0,0.0718797817826271,0.0,0.0,0.0,0.0,0.0,0.0,0
1785981691,524307727,100.0,-1.7166045347796839,-1.6996691862689417,-1.1327374617206019,-4.617710892354147,-4.890399638806478,0.6867320537567139,-0.03741635009646416,-0.04408916458487511,2.3968450477696024e-05,2.3968450477696024e-05,0.0,0.06675373017787933,0.0,0.0,0.0,0.0,0.0,0.0,0
1785981691,544967174,100.0,-1.7174556891070765,-1.7006524244891565,-1.1326773802386683,-4.6177348534213465,-4.890327755604879,0.6882540583610535,-0.03099919483065605,-0.03704563528299332,2.3968450477696024e-05,2.3968450477696024e-05,0.0,0.059071045368909836,0.0,0.0,0.0,0.0,0.0,0.0,0
1785981691,564218282,100.0,-1.7179716269122522,-1.7012274901019495,-1.1327255407916468,-4.617746893559591,-4.890399638806478,0.689116895198822,-0.028378644958138466,-0.0348980650305748,2.3968450477696024e-05,2.3968450477696024e-05,0.0,0.051605671644210815,0.0,0.0,0.0,0.0,0.0,0.0,0
1785981691,584924936,100.0,-1.7186310927020472,-1.701958958302633,-1.1327255407916468,-4.617710892354147,-4.890363637601034,0.6903149485588074,-0.024824922904372215,-0.02887718938291073,2.3968450477696024e-05,2.3968450477696024e-05,0.0,0.04403803125023842,0.0,0.0,0.0,0.0,0.0,0.0,0
1785981691,604216337,100.0,-1.7190149466144007,-1.7023666540728968,-1.1326897780047815,-4.617710892354147,-4.890375677739279,0.6909860968589783,-0.020389162003993988,-0.02334207482635975,2.3968450477696024e-05,2.3968450477696024e-05,0.0,0.038196124136447906,0.0,0.0,0.0,0.0,0.0,0.0,0
1785981691,624529600,100.0,-1.7193144003497522,-1.702942196522848,-1.132749382649557,-4.6177348534213465,-4.890363637601034,0.6918246150016785,-0.01769191212952137,-0.02003123238682747,2.3968450477696024e-05,2.3968450477696024e-05,0.0,0.030181072652339935,0.0,0.0,0.0,0.0,0.0,0.0,0
1785981691,644296169,100.0,-1.7195785681353968,-1.703181568776266,-1.1327374617206019,-4.6177948156939905,-4.890412036572592,0.6922919750213623,-0.012719257734715939,-0.016209064051508904,2.3968450477696024e-05,2.3968450477696024e-05,0.0,0.024147415533661842,0.0,0.0,0.0,0.0,0.0,0.0,0
1785981691,665314912,100.0,-1.7198546568499964,-1.7035658995257776,-1.1327374617206019,-4.617722932492391,-4.890387598668234,0.6927233934402466,-0.00960016343742609,-0.010558901354670525,2.3968450477696024e-05,2.3968450477696024e-05,0.0,0.015186410397291183,0.0,0.0,0.0,0.0,0.0,0.0,0
1785981691,684144020,100.0,-1.7199385801898401,-1.7037089506732386,-1.1326420942889612,-4.617758814488546,-4.890375677739279,0.6929031610488892,-0.0037710361648350954,-0.009139969013631344,2.3968450477696024e-05,2.3968450477696024e-05,0.0,0.010763431899249554,0.0,0.0,0.0,0.0,0.0,0.0,0
1785981691,705447435,100.0,-1.7200105826007288,-1.7036731878863733,-1.1326897780047815,-4.617722932492391,-4.890351716672079,0.6931068897247314,-0.0023521038237959146,-0.0015339808305725455,2.3968450477696024e-05,2.3968450477696024e-05,0.0,0.0025949841365218163,0.0,0.0,0.0,0.0,0.0,0.0,0
1785981691,723922967,100.0,-1.7200225035296839,-1.7037213484393519,-1.1326659361468714,-4.617710892354147,-4.890387598668234,0.6929870843887329,0.0,-0.0010865697404369712,2.3968450477696024e-05,2.3968450477696024e-05,0.0,0.0014572817599400878,0.0,0.0,0.0,0.0,0.0,0.0,0
1785981691,744297981,100.0,-1.71991473833193,-1.7037089506732386,-1.1326897780047815,-4.6177348534213465,-4.890375677739279,0.6929870843887329,0.0,-0.0009587380336597562,2.3968450477696024e-05,2.3968450477696024e-05,0.0,-0.000945954816415906,0.0,0.0,0.0,0.0,0.0,0.0,0
1785981691,764122486,100.0,-1.7198904196368616,-1.7036731878863733,-1.1327016989337366,-4.617698971425192,-4.890351716672079,0.6930350065231323,0.00017896443023346364,-0.0006775081856176257,2.3968450477696024e-05,2.3968450477696024e-05,0.0,-0.000945954816415906,0.0,0.0,0.0,0.0,0.0,0.0,0
1785981691,784254789,100.0,-1.7199385801898401,-1.7036731878863733,-1.1326659361468714,-4.6177948156939905,-4.890339676533834,0.6929870843887329,0.00017896443023346364,-0.000472977408207953,2.3968450477696024e-05,2.3968450477696024e-05,0.0,0.0,0.0,0.0,0.0,0.0,0.0,0.0,0
1785981691,804042339,100.0,-1.7199505011187952,-1.7036731878863733,-1.1327016989337366,-4.617710892354147,-4.890399638806478,0.6929990649223328,0.00017896443023346364,-0.0003962783666793257,2.3968450477696024e-05,2.3968450477696024e-05,0.0,0.0,0.0,0.0,0.0,0.0,0.0,0.0,0
1785981691,824994087,100.0,-1.7199862639056605,-1.7036731878863733,-1.1326540152179163,-4.617758814488546,-4.890375677739279,0.6930230259895325,0.00017896443023346364,-0.0003067961661145091,2.3968450477696024e-05,2.3968450477696024e-05,0.0,0.0,0.0,0.0,0.0,0.0,0.0,0.0,0
1785981691,843996763,100.0,-1.7199505011187952,-1.7036851088153284,-1.1326897780047815,-4.6177828947650355,-4.890363637601034,0.6930110454559326,0.00017896443023346364,-0.00026844663079828024,2.3968450477696024e-05,2.3968450477696024e-05,0.0,0.0,0.0,0.0,0.0,0.0,0.0,0.0,0
1785981691,864191293,100.0,-1.7199505011187952,-1.7036851088153284,-1.1327374617206019,-4.6177348534213465,-4.890399638806478,0.6930469870567322,0.0,-0.00023009712458588183,2.3968450477696024e-05,2.3968450477696024e-05,0.0,0.0,0.0,0.0,0.0,0.0,0.0,0.0,0
1785981691,883994817,100.0,-1.719926659260885,-1.7036612669574183,-1.1327374617206019,-4.617770854626791,-4.890387598668234,0.693058967590332,0.0,-0.00020453077740967274,2.3968450477696024e-05,2.3968450477696024e-05,0.0,0.0,0.0,0.0,0.0,0.0,0.0,0.0,0
1785981691,904242277,100.0,-1.7199624220477503,-1.7036970297442835,-1.1327255407916468,-4.6177348534213465,-4.890387598668234,0.6930230259895325,0.0,-0.00017896443023346364,2.3968450477696024e-05,2.3968450477696024e-05,0.0,0.0,0.0,0.0,0.0,0.0,0.0,0.0,0
1785981691,923979043,100.0,-1.719926659260885,-1.7036851088153284,-1.1327374617206019,-4.617722932492391,-4.890351716672079,0.6930469870567322,0.0,-0.0001661812566453591,2.3968450477696024e-05,2.3968450477696024e-05,0.0,0.0,0.0,0.0,0.0,0.0,0.0,0.0,0
1785981691,944290399,100.0,-1.7199385801898401,-1.7036493460284632,-1.1327255407916468,-4.617710892354147,-4.890412036572592,0.6930350065231323,0.0,-0.00015339808305725455,2.3968450477696024e-05,2.3968450477696024e-05,0.0,0.0,0.0,0.0,0.0,0.0,0.0,0.0,0
1785981691,964001417,100.0,-1.7199385801898401,-1.7037089506732386,-1.1326897780047815,-4.617758814488546,-4.890363637601034,0.693058967590332,0.0,-0.00014061490946915,2.3968450477696024e-05,2.3968450477696024e-05,0.0,0.0,0.0,0.0,0.0,0.0,0.0,0.0,0
1785981691,984273195,100.0,-1.719926659260885,-1.7037089506732386,-1.1326897780047815,-4.617758814488546,-4.890412036572592,0.6930230259895325,0.0,-0.00012783173588104546,2.3968450477696024e-05,2.3968450477696024e-05,0.0,0.0,0.0,0.0,0.0,0.0,0.0,0.0,0
1785981692,3966569,100.0,-1.719926659260885,-1.7036851088153284,-1.132749382649557,-4.6177348534213465,-4.890375677739279,0.6930829286575317,0.0,-0.00011504856229294091,2.3968450477696024e-05,2.3968450477696024e-05,0.0,0.0,0.0,0.0,0.0,0.0,0.0,0.0,0
1785981692,24145603,100.0,-1.7199743429767054,-1.7036493460284632,-1.1326773802386683,-4.6177828947650355,-4.890363637601034,0.6930350065231323,0.0,-0.00011504856229294091,2.3968450477696024e-05,2.3968450477696024e-05,0.0,0.0,0.0,0.0,0.0,0.0,0.0,0.0,0
1785981692,44032335,100.0,-1.7199385801898401,-1.7036970297442835,-1.1327136198626917,-4.6177348534213465,-4.890327755604879,0.6930469870567322,0.0,-0.00010226538870483637,2.3968450477696024e-05,2.3968450477696024e-05,0.0,0.0,0.0,0.0,0.0,0.0,0.0,0.0,0
1785981692,64158678,100.0,-1.7199624220477503,-1.7037327925311487,-1.1326897780047815,-4.617710892354147,-4.890339676533834,0.6930350065231323,0.0,-0.00010226538870483637,2.3968450477696024e-05,2.3968450477696024e-05,0.0,0.0,0.0,0.0,0.0,0.0,0.0,0.0,0
1785981692,83985805,100.0,-1.7199624220477503,-1.7036851088153284,-1.1327016989337366,-4.617746893559591,-4.890339676533834,0.6930110454559326,0.0,-8.948221511673182e-05,2.3968450477696024e-05,2.3968450477696024e-05,0.0,0.0,0.0,0.0,0.0,0.0,0.0,0.0,0
1785981692,104366540,100.0,-1.71991473833193,-1.7037089506732386,-1.1326897780047815,-4.6177828947650355,-4.890399638806478,0.6930350065231323,0.0,-8.948221511673182e-05,2.3968450477696024e-05,2.3968450477696024e-05,0.0,0.0,0.0,0.0,0.0,0.0,0.0,0.0,0
1785981692,124029159,100.0,-1.7199862639056605,-1.703745190297262,-1.132749382649557,-4.617722932492391,-4.890387598668234,0.6930350065231323,0.0,-8.948221511673182e-05,2.3968450477696024e-05,2.3968450477696024e-05,0.0,0.0,0.0,0.0,0.0,0.0,0.0,0.0,0
1785981692,143992900,100.0,-1.7199385801898401,-1.7037213484393519,-1.1326897780047815,-4.617758814488546,-4.890351716672079,0.6929870843887329,0.0,-7.669904152862728e-05,2.3968450477696024e-05,2.3968450477696024e-05,0.0,0.0,0.0,0.0,0.0,0.0,0.0,0.0,0
1785981692,164077997,100.0,-1.7199505011187952,-1.703757111226217,-1.1326659361468714,-4.617770854626791,-4.890339676533834,0.6930230259895325,0.0,-7.669904152862728e-05,2.3968450477696024e-05,2.3968450477696024e-05,0.0,0.0,0.0,0.0,0.0,0.0,0.0,0.0,0
1785981692,183877706,100.0,-1.719926659260885,-1.7036970297442835,-1.1327374617206019,-4.617722932492391,-4.890363637601034,0.693058967590332,0.0,-7.669904152862728e-05,2.3968450477696024e-05,2.3968450477696024e-05,0.0,0.0,0.0,0.0,0.0,0.0,0.0,0.0,0
1785981692,204080104,100.0,-1.7199505011187952,-1.703757111226217,-1.1327136198626917,-4.6177348534213465,-4.890339676533834,0.6929990649223328,0.0,-6.391586794052273e-05,2.3968450477696024e-05,2.3968450477696024e-05,0.0,0.0,0.0,0.0,0.0,0.0,0.0,0.0,0
1785981692,224310159,100.0,-1.71991473833193,-1.7037213484393519,-1.1326773802386683,-4.617758814488546,-4.890351716672079,0.6930709481239319,0.0,-6.391586794052273e-05,2.3968450477696024e-05,2.3968450477696024e-05,0.0,0.0,0.0,0.0,0.0,0.0,0.0,0.0,0
1785981692,244035243,100.0,-1.7199505011187952,-1.7037213484393519,-1.1327016989337366,-4.617770854626791,-4.890351716672079,0.6929990649223328,0.0,-6.391586794052273e-05,2.3968450477696024e-05,2.3968450477696024e-05,0.0,0.0,0.0,0.0,0.0,0.0,0.0,0.0,0
1785981692,264082431,100.0,-1.719926659260885,-1.7037089506732386,-1.1326773802386683,-4.617710892354147,-4.890375677739279,0.6930949091911316,0.0,-1.2783173588104546e-05,2.3968450477696024e-05,2.3968450477696024e-05,0.0,0.0,0.0,0.0,0.0,0.0,0.0,0.0,0
1785981692,284067153,100.0,-1.7199862639056605,-1.7037089506732386,-1.1327255407916468,-4.617746893559591,-4.890447918568746,0.693058967590332,0.0,-1.2783173588104546e-05,2.3968450477696024e-05,2.3968450477696024e-05,0.0,0.0,0.0,0.0,0.0,0.0,0.0,0.0,0
1785981692,304089546,100.0,-1.7199505011187952,-1.7037327925311487,-1.1327374617206019,-4.617770854626791,-4.890375677739279,0.6930350065231323,0.0,-1.2783173588104546e-05,2.3968450477696024e-05,2.3968450477696024e-05,0.0,0.0,0.0,0.0,0.0,0.0,0.0,0.0,0
1785981692,324012994,100.0,-1.7198784987079065,-1.7037690321551722,-1.1327255407916468,-4.617722932492391,-4.890399638806478,0.6930230259895325,0.0,-1.2783173588104546e-05,2.3968450477696024e-05,2.3968450477696024e-05,0.0,0.0,0.0,0.0,0.0,0.0,0.0,0.0,0
1785981692,344380855,100.0,-1.7199743429767054,-1.7037089506732386,-1.1326773802386683,-4.617746893559591,-4.890387598668234,0.6929990649223328,0.0,-1.2783173588104546e-05,2.3968450477696024e-05,2.3968450477696024e-05,0.0,0.0,0.0,0.0,0.0,0.0,0.0,0.0,0
1785981692,364019870,100.0,-1.7199624220477503,-1.703745190297262,-1.1327016989337366,-4.617746893559591,-4.890423957501547,0.6929870843887329,0.0,-1.2783173588104546e-05,2.3968450477696024e-05,2.3968450477696024e-05,0.0,0.0,0.0,0.0,0.0,0.0,0.0,0.0,0
1785981692,384045362,100.0,-1.7199624220477503,-1.7036731878863733,-1.1326659361468714,-4.617722932492391,-4.890399638806478,0.6929990649223328,0.0,-1.2783173588104546e-05,2.3968450477696024e-05,2.3968450477696024e-05,0.0,0.0,0.0,0.0,0.0,0.0,0.0,0.0,0
1785981692,404063463,100.0,-1.7199624220477503,-1.703745190297262,-1.1326773802386683,-4.6177348534213465,-4.890387598668234,0.6929870843887329,0.0,-1.2783173588104546e-05,2.3968450477696024e-05,2.3968450477696024e-05,0.0,0.0,0.0,0.0,0.0,0.0,0.0,0.0,0
1785981692,424307346,100.0,-1.7199505011187952,-1.703745190297262,-1.1327374617206019,-4.617746893559591,-4.890375677739279,0.693058967590332,0.0,-1.2783173588104546e-05,2.3968450477696024e-05,2.3968450477696024e-05,0.0,0.0,0.0,0.0,0.0,0.0,0.0,0.0,0
1785981692,444292306,100.0,-1.7199505011187952,-1.7037690321551722,-1.1326897780047815,-4.617746893559591,-4.890399638806478,0.6930709481239319,0.0,-1.2783173588104546e-05,2.3968450477696024e-05,2.3968450477696024e-05,0.0,0.0,0.0,0.0,0.0,0.0,0.0,0.0,0
1785981692,463935375,100.0,-1.7199385801898401,-1.703757111226217,-1.1327016989337366,-4.6177348534213465,-4.890375677739279,0.6930230259895325,0.0,-1.2783173588104546e-05,2.3968450477696024e-05,2.3968450477696024e-05,0.0,0.0,0.0,0.0,0.0,0.0,0.0,0.0,0
1785981692,484012603,100.0,-1.7199981848346155,-1.7036970297442835,-1.1326897780047815,-4.6177348534213465,-4.890363637601034,0.6930350065231323,0.0,-1.2783173588104546e-05,2.3968450477696024e-05,2.3968450477696024e-05,0.0,0.0,0.0,0.0,0.0,0.0,0.0,0.0,0
1785981692,503847122,100.0,-1.7199743429767054,-1.7037213484393519,-1.1326773802386683,-4.6177828947650355,-4.890339676533834,0.6929990649223328,0.0,-1.2783173588104546e-05,2.3968450477696024e-05,2.3968450477696024e-05,0.0,0.0,0.0,0.0,0.0,0.0,0.0,0.0,0
1785981692,524009943,100.0,-1.7199385801898401,-1.7037809530841272,-1.1326773802386683,-4.617770854626791,-4.890399638806478,0.6930230259895325,0.0,-1.2783173588104546e-05,2.3968450477696024e-05,2.3968450477696024e-05,0.0,0.0,0.0,0.0,0.0,0.0,0.0,0.0,0
1785981692,544234275,100.0,-1.7199505011187952,-1.7037327925311487,-1.1326659361468714,-4.6177348534213465,-4.890375677739279,0.6930350065231323,0.0,-1.2783173588104546e-05,2.3968450477696024e-05,2.3968450477696024e-05,0.0,0.0,0.0,0.0,0.0,0.0,0.0,0.0,0
1785981692,564036607,100.0,-1.7199862639056605,-1.7037213484393519,-1.1326897780047815,-4.617746893559591,-4.890375677739279,0.6930469870567322,0.0,-1.2783173588104546e-05,2.3968450477696024e-05,2.3968450477696024e-05,0.0,0.0,0.0,0.0,0.0,0.0,0.0,0.0,0
1785981692,584278821,100.0,-1.7199624220477503,-1.7037089506732386,-1.1326773802386683,-4.617746893559591,-4.890387598668234,0.6930110454559326,0.0,-1.2783173588104546e-05,2.3968450477696024e-05,2.3968450477696024e-05,0.0,0.0,0.0,0.0,0.0,0.0,0.0,0.0,0
1785981692,603985071,100.0,-1.7199624220477503,-1.7037327925311487,-1.1327136198626917,-4.617710892354147,-4.890399638806478,0.6930230259895325,0.0,-1.2783173588104546e-05,2.3968450477696024e-05,2.3968450477696024e-05,0.0,0.0,0.0,0.0,0.0,0.0,0.0,0.0,0
1785981692,624001741,100.0,-1.7199023405658167,-1.703745190297262,-1.1326659361468714,-4.617746893559591,-4.890375677739279,0.6930709481239319,0.0,-1.2783173588104546e-05,2.3968450477696024e-05,0.0,0.0,0.0,0.0,0.0,0.0,0.0,0.0,0.0,0
1785981692,643947601,100.0,-1.7199862639056605,-1.703745190297262,-1.1327136198626917,-4.617746893559591,-4.890351716672079,0.6930350065231323,0.0,-1.2783173588104546e-05,2.3968450477696024e-05,0.0,0.0,0.0,0.0,0.0,0.0,0.0,0.0,0.0,0
1785981692,664079666,100.0,-1.7199862639056605,-1.7037327925311487,-1.1326659361468714,-4.617770854626791,-4.890387598668234,0.6930110454559326,0.0,-1.2783173588104546e-05,2.3968450477696024e-05,0.0,0.0,0.0,0.0,0.0,0.0,0.0,0.0,0.0,0
1785981692,684031486,100.0,-1.719926659260885,-1.7037809530841272,-1.1326659361468714,-4.617722932492391,-4.890375677739279,0.6930469870567322,0.0,-1.2783173588104546e-05,2.3968450477696024e-05,0.0,0.0,0.0,0.0,0.0,0.0,0.0,0.0,0.0,0
1785981692,704175949,100.0,-1.7199385801898401,-1.7037213484393519,-1.1327136198626917,-4.6177348534213465,-4.890351716672079,0.6930230259895325,0.0,-1.2783173588104546e-05,2.3968450477696024e-05,0.0,0.0,0.0,0.0,0.0,0.0,0.0,0.0,0.0,0
1785981692,724002599,100.0,-1.719926659260885,-1.7037327925311487,-1.1327136198626917,-4.6177348534213465,-4.890375677739279,0.6930110454559326,0.0,-1.2783173588104546e-05,0.0,0.0,0.0,0.0,0.0,0.0,0.0,0.0,0.0,0.0,0
1785981692,744041681,100.0,-1.7199624220477503,-1.7037213484393519,-1.1327255407916468,-4.617686931286947,-4.890375677739279,0.6930110454559326,0.0,-1.2783173588104546e-05,0.0,0.0,0.0,0.0,0.0,0.0,0.0,0.0,0.0,0.0,0
1785981692,763983011,100.0,-1.7198904196368616,-1.703757111226217,-1.1327255407916468,-4.617746893559591,-4.890375677739279,0.6930350065231323,0.0,-1.2783173588104546e-05,0.0,0.0,0.0,0.0,0.0,0.0,0.0,0.0,0.0,0.0,0
1785981692,784229516,100.0,-1.7199862639056605,-1.7037213484393519,-1.1327255407916468,-4.6177348534213465,-4.890399638806478,0.6930350065231323,0.0,-1.2783173588104546e-05,0.0,0.0,0.0,0.0,0.0,0.0,0.0,0.0,0.0,0.0,0
1785981692,804005146,100.0,-1.7199385801898401,-1.7037327925311487,-1.1327136198626917,-4.6177828947650355,-4.890375677739279,0.6930110454559326,0.0,-1.2783173588104546e-05,0.0,0.0,0.0,0.0,0.0,0.0,0.0,0.0,0.0,0.0,0
1785981692,824357986,100.0,-1.7199624220477503,-1.7037690321551722,-1.1327255407916468,-4.617698971425192,-4.890375677739279,0.6930709481239319,0.0,-1.2783173588104546e-05,0.0,0.0,0.0,0.0,0.0,0.0,0.0,0.0,0.0,0.0,0
1785981692,843990802,100.0,-1.7199505011187952,-1.703745190297262,-1.1327136198626917,-4.6177348534213465,-4.890387598668234,0.6929990649223328,0.0,-1.2783173588104546e-05,0.0,0.0,0.0,0.0,0.0,0.0,0.0,0.0,0.0,0.0,0
1785981692,864003419,100.0,-1.7199743429767054,-1.703757111226217,-1.1327016989337366,-4.6177828947650355,-4.890375677739279,0.6929751038551331,0.0,-1.2783173588104546e-05,0.0,0.0,0.0,0.0,0.0,0.0,0.0,0.0,0.0,0.0,0
1785981692,884043693,100.0,-1.7198904196368616,-1.7036731878863733,-1.132749382649557,-4.617686931286947,-4.890387598668234,0.6929870843887329,0.0,-1.2783173588104546e-05,0.0,0.0,0.0,0.0,0.0,0.0,0.0,0.0,0.0,0.0,0
1785981692,904359340,100.0,-1.7199624220477503,-1.703757111226217,-1.1326897780047815,-4.617770854626791,-4.890399638806478,0.693058967590332,0.0,-1.2783173588104546e-05,0.0,0.0,0.0,0.0,0.0,0.0,0.0,0.0,0.0,0.0,0
1785981692,924006462,100.0,-1.7199505011187952,-1.7037809530841272,-1.1327136198626917,-4.617758814488546,-4.890375677739279,0.6929990649223328,0.0,-1.2783173588104546e-05,0.0,0.0,0.0,0.0,0.0,0.0,0.0,0.0,0.0,0.0,0
1785981692,944246053,100.0,-1.719926659260885,-1.7037809530841272,-1.1326659361468714,-4.6177828947650355,-4.890327755604879,0.6930469870567322,0.0,-1.2783173588104546e-05,0.0,0.0,0.0,0.0,0.0,0.0,0.0,0.0,0.0,0.0,0
1785981692,963977575,100.0,-1.7199743429767054,-1.7037809530841272,-1.1327255407916468,-4.6177348534213465,-4.890363637601034,0.6929990649223328,0.0,-1.2783173588104546e-05,0.0,0.0,0.0,0.0,0.0,0.0,0.0,0.0,0.0,0.0,0
1785981692,983900308,100.0,-1.7199385801898401,-1.7037089506732386,-1.1327255407916468,-4.6177948156939905,-4.890363637601034,0.6930829286575317,0.0,-1.2783173588104546e-05,0.0,0.0,0.0,0.0,0.0,0.0,0.0,0.0,0.0,0.0,0
1785981693,3997802,100.0,-1.7199624220477503,-1.7037213484393519,-1.1327016989337366,-4.617710892354147,-4.890399638806478,0.6930230259895325,0.0,-1.2783173588104546e-05,0.0,0.0,0.0,0.0,0.0,0.0,0.0,0.0,0.0,0.0,0
1785981693,23812532,100.0,-1.7199624220477503,-1.7036970297442835,-1.1327255407916468,-4.617758814488546,-4.890363637601034,0.6930350065231323,0.0,-1.2783173588104546e-05,0.0,0.0,0.0,0.0,0.0,0.0,0.0,0.0,0.0,0.0,0
1785981693,43987274,100.0,-1.7199743429767054,-1.7037327925311487,-1.1326540152179163,-4.6177828947650355,-4.890339676533834,0.6930110454559326,0.0,-1.2783173588104546e-05,0.0,0.0,0.0,0.0,0.0,0.0,0.0,0.0,0.0,0.0,0
1785981693,64272403,100.0,-1.719926659260885,-1.7037327925311487,-1.1326897780047815,-4.617758814488546,-4.890399638806478,0.6929870843887329,0.0,-1.2783173588104546e-05,0.0,0.0,0.0,0.0,0.0,0.0,0.0,0.0,0.0,0.0,0
1785981693,84005355,100.0,-1.7199385801898401,-1.703757111226217,-1.1327016989337366,-4.617758814488546,-4.890327755604879,0.6930230259895325,0.0,-1.2783173588104546e-05,0.0,0.0,0.0,0.0,0.0,0.0,0.0,0.0,0.0,0.0,0
1785981693,104480743,100.0,-1.7199743429767054,-1.7037089506732386,-1.1327016989337366,-4.617710892354147,-4.890387598668234,0.6930350065231323,0.0,-1.2783173588104546e-05,0.0,0.0,0.0,0.0,0.0,0.0,0.0,0.0,0.0,0.0,0
1785981693,124070644,100.0,-1.7199862639056605,-1.703757111226217,-1.1327016989337366,-4.617770854626791,-4.890375677739279,0.693058967590332,0.0,-1.2783173588104546e-05,0.0,0.0,0.0,0.0,0.0,0.0,0.0,0.0,0.0,0.0,0
1785981693,144262552,100.0,-1.7199981848346155,-1.7037089506732386,-1.1327136198626917,-4.6177348534213465,-4.890375677739279,0.6930469870567322,0.0,-1.2783173588104546e-05,0.0,0.0,0.0,0.0,0.0,0.0,0.0,0.0,0.0,0.0,0
1785981693,163989067,100.0,-1.7199624220477503,-1.7037690321551722,-1.1326301733600062,-4.617758814488546,-4.890412036572592,0.6929990649223328,0.0,-1.2783173588104546e-05,0.0,0.0,0.0,0.0,0.0,0.0,0.0,0.0,0.0,0.0,0
1785981693,184183120,100.0,-1.719926659260885,-1.7037690321551722,-1.1326897780047815,-4.617722932492391,-4.890351716672079,0.6929990649223328,0.0,-1.2783173588104546e-05,0.0,0.0,0.0,0.0,0.0,0.0,0.0,0.0,0.0,0.0,0
1785981693,204020977,100.0,-1.7199743429767054,-1.7037327925311487,-1.1326659361468714,-4.617758814488546,-4.890399638806478,0.6930350065231323,0.0,-1.2783173588104546e-05,0.0,0.0,0.0,0.0,0.0,0.0,0.0,0.0,0.0,0.0,0
1785981693,224149227,100.0,-1.7199624220477503,-1.7037809530841272,-1.1326897780047815,-4.6177348534213465,-4.890387598668234,0.6930350065231323,0.0,-1.2783173588104546e-05,0.0,0.0,0.0,0.0,0.0,0.0,0.0,0.0,0.0,0.0,0
1785981693,243975877,100.0,-1.719926659260885,-1.7037690321551722,-1.1326773802386683,-4.617746893559591,-4.890387598668234,0.6930350065231323,0.0,-1.2783173588104546e-05,0.0,0.0,0.0,0.0,0.0,0.0,0.0,0.0,0.0,0.0,0
1785981693,264236211,100.0,-1.7199624220477503,-1.7037690321551722,-1.1326659361468714,-4.617758814488546,-4.890375677739279,0.6929990649223328,0.0,-1.2783173588104546e-05,0.0,0.0,0.0,0.0,0.0,0.0,0.0,0.0,0.0,0.0,0
1785981693,284056425,100.0,-1.7200105826007288,-1.7038052717791956,-1.1326773802386683,-4.6177348534213465,-4.890351716672079,0.6930230259895325,0.0,-1.2783173588104546e-05,0.0,0.0,0.0,0.0,0.0,0.0,0.0,0.0,0.0,0.0,0
1785981693,304265260,100.0,-1.7199385801898401,-1.7037089506732386,-1.1327136198626917,-4.6177348534213465,-4.890399638806478,0.6930110454559326,0.0,-1.2783173588104546e-05,0.0,0.0,0.0,0.0,0.0,0.0,0.0,0.0,0.0,0.0,0
1785981693,324060440,100.0,-1.7199505011187952,-1.703757111226217,-1.1326773802386683,-4.617698971425192,-4.890351716672079,0.6930469870567322,0.0,-1.2783173588104546e-05,0.0,0.0,0.0,0.0,0.0,0.0,0.0,0.0,0.0,0.0,0
1785981693,343868732,100.0,-1.7199385801898401,-1.7037213484393519,-1.1327016989337366,-4.6177828947650355,-4.890339676533834,0.6930230259895325,0.0,-1.2783173588104546e-05,0.0,0.0,0.0,0.0,0.0,0.0,0.0,0.0,0.0,0.0,0
1785981693,364042758,100.0,-1.7199981848346155,-1.703745190297262,-1.1327255407916468,-4.6177948156939905,-4.890412036572592,0.6930469870567322,0.0,-1.2783173588104546e-05,0.0,0.0,0.0,0.0,0.0,0.0,0.0,0.0,0.0,0.0,0
1785981693,384364604,100.0,-1.7199385801898401,-1.7038167158709925,-1.1327374617206019,-4.617746893559591,-4.890412036572592,0.6930350065231323,0.0,-1.2783173588104546e-05,0.0,0.0,0.0,0.0,0.0,0.0,0.0,0.0,0.0,0.0,0
1785981693,404118776,100.0,-1.7199743429767054,-1.703757111226217,-1.1326897780047815,-4.6177348534213465,-4.890375677739279,0.6929990649223328,0.0,-1.2783173588104546e-05,0.0,0.0,0.0,0.0,0.0,0.0,0.0,0.0,0.0,0.0,0
1785981693,424502372,100.0,-1.7199743429767054,-1.7037213484393519,-1.1327136198626917,-4.617698971425192,-4.890387598668234,0.6930230259895325,0.0,-1.2783173588104546e-05,0.0,0.0,0.0,0.0,0.0,0.0,0.0,0.0,0.0,0.0,0
1785981693,444002151,100.0,-1.7199385801898401,-1.7037089506732386,-1.1326773802386683,-4.617758814488546,-4.890351716672079,0.6929990649223328,0.0,-1.2783173588104546e-05,0.0,0.0,0.0,0.0,0.0,0.0,0.0,0.0,0.0,0.0,0
1785981693,464170694,100.0,-1.7199862639056605,-1.7037327925311487,-1.1326773802386683,-4.617746893559591,-4.890363637601034,0.6929990649223328,0.0,-1.2783173588104546e-05,0.0,0.0,0.0,0.0,0.0,0.0,0.0,0.0,0.0,0.0,0
1785981693,484218835,100.0,-1.7199505011187952,-1.7037089506732386,-1.1327136198626917,-4.617722932492391,-4.890412036572592,0.6930230259895325,0.0,-1.2783173588104546e-05,0.0,0.0,0.0,0.0,0.0,0.0,0.0,0.0,0.0,0.0,0
1785981693,504280567,100.0,-1.7199862639056605,-1.7037690321551722,-1.1327016989337366,-4.617746893559591,-4.890375677739279,0.6930709481239319,0.0,-1.2783173588104546e-05,0.0,0.0,0.0,0.0,0.0,0.0,0.0,0.0,0.0,0.0,0
1785981693,524035692,100.0,-1.7199743429767054,-1.703757111226217,-1.1327136198626917,-4.617758814488546,-4.890351716672079,0.693058967590332,0.0,-1.2783173588104546e-05,0.0,0.0,0.0,0.0,0.0,0.0,0.0,0.0,0.0,0.0,0
1785981693,544184923,100.0,-1.7199743429767054,-1.7037809530841272,-1.1326897780047815,-4.617722932492391,-4.890412036572592,0.6930350065231323,0.0,-1.2783173588104546e-05,0.0,0.0,0.0,0.0,0.0,0.0,0.0,0.0,0.0,0.0,0
1785981693,564049243,100.0,-1.7199624220477503,-1.7037809530841272,-1.1326659361468714,-4.617746893559591,-4.890363637601034,0.6930350065231323,0.0,-1.2783173588104546e-05,0.0,0.0,0.0,0.0,0.0,0.0,0.0,0.0,0.0,0.0,0
1785981693,583817243,100.0,-1.7199624220477503,-1.7037690321551722,-1.1327255407916468,-4.617758814488546,-4.890387598668234,0.6929990649223328,0.0,-1.2783173588104546e-05,0.0,0.0,0.0,0.0,0.0,0.0,0.0,0.0,0.0,0.0,0
1785981693,604132413,100.0,-1.719926659260885,-1.7037213484393519,-1.1327136198626917,-4.617770854626791,-4.890351716672079,0.6930350065231323,0.0,-1.2783173588104546e-05,0.0,0.0,0.0,0.0,0.0,0.0,0.0,0.0,0.0,0.0,0
1785981693,624480485,100.0,-1.719926659260885,-1.703745190297262,-1.1327255407916468,-4.617770854626791,-4.890375677739279,0.6929990649223328,0.0,-1.2783173588104546e-05,0.0,0.0,0.0,0.0,0.0,0.0,0.0,0.0,0.0,0.0,0
1785981693,644110441,100.0,-1.7199385801898401,-1.7037928740130823,-1.1327374617206019,-4.617758814488546,-4.890363637601034,0.6930350065231323,0.0,-1.2783173588104546e-05,0.0,0.0,0.0,0.0,0.0,0.0,0.0,0.0,0.0,0.0,0
1785981693,663801193,100.0,-1.7199981848346155,-1.7037327925311487,-1.1327255407916468,-4.617746893559591,-4.890399638806478,0.6930350065231323,0.0,-1.2783173588104546e-05,0.0,0.0,0.0,0.0,0.0,0.0,0.0,0.0,0.0,0.0,0
1785981693,684049129,100.0,-1.7199624220477503,-1.703757111226217,-1.1326773802386683,-4.617746893559591,-4.890423957501547,0.693058967590332,0.0,-1.2783173588104546e-05,0.0,0.0,0.0,0.0,0.0,0.0,0.0,0.0,0.0,0.0,0
1785981693,703792810,100.0,-1.7199624220477503,-1.7037327925311487,-1.1326897780047815,-4.617710892354147,-4.890375677739279,0.6930350065231323,0.0,-1.2783173588104546e-05,0.0,0.0,0.0,0.0,0.0,0.0,0.0,0.0,0.0,0.0,0
1785981693,724011421,100.0,-1.7199505011187952,-1.7038052717791956,-1.1327136198626917,-4.6177348534213465,-4.890339676533834,0.6930110454559326,0.0,-1.2783173588104546e-05,0.0,0.0,0.0,0.0,0.0,0.0,0.0,0.0,0.0,0.0,0
1785981693,744158029,100.0,-1.7199981848346155,-1.7037928740130823,-1.1327136198626917,-4.6177348534213465,-4.890363637601034,0.6930110454559326,0.0,-1.2783173588104546e-05,0.0,0.0,0.0,0.0,0.0,0.0,0.0,0.0,0.0,0.0,0
1785981693,763994693,100.0,-1.719926659260885,-1.703745190297262,-1.1326773802386683,-4.617758814488546,-4.890375677739279,0.6930469870567322,0.0,-1.2783173588104546e-05,0.0,0.0,0.0,0.0,0.0,0.0,0.0,0.0,0.0,0.0,0
1785981693,784265995,100.0,-1.7199624220477503,-1.703745190297262,-1.1326773802386683,-4.6177948156939905,-4.890375677739279,0.6929990649223328,0.0,-1.2783173588104546e-05,0.0,0.0,0.0,0.0,0.0,0.0,0.0,0.0,0.0,0.0,0
1785981693,804046630,100.0,-1.7199624220477503,-1.7037327925311487,-1.1326897780047815,-4.6177348534213465,-4.890375677739279,0.6930709481239319,0.0,-1.2783173588104546e-05,0.0,0.0,0.0,0.0,0.0,0.0,0.0,0.0,0.0,0.0,0
1785981693,824290990,100.0,-1.7199743429767054,-1.7037213484393519,-1.1327255407916468,-4.617758814488546,-4.890351716672079,0.693058967590332,0.0,-1.2783173588104546e-05,0.0,0.0,0.0,0.0,0.0,0.0,0.0,0.0,0.0,0.0,0
1785981693,844060182,100.0,-1.719926659260885,-1.7037213484393519,-1.1326659361468714,-4.617758814488546,-4.890399638806478,0.6930709481239319,0.0,-1.2783173588104546e-05,0.0,0.0,0.0,0.0,0.0,0.0,0.0,0.0,0.0,0.0,0
1785981693,863837480,100.0,-1.7199385801898401,-1.7037690321551722,-1.1326773802386683,-4.6177348534213465,-4.890375677739279,0.6930110454559326,0.0,-1.2783173588104546e-05,0.0,0.0,0.0,0.0,0.0,0.0,0.0,0.0,0.0,0.0,0
1785981693,884056568,100.0,-1.719926659260885,-1.703757111226217,-1.1326897780047815,-4.617746893559591,-4.890363637601034,0.6930230259895325,0.0,-1.2783173588104546e-05,0.0,0.0,0.0,0.0,0.0,0.0,0.0,0.0,0.0,0.0,0
1785981693,904118537,100.0,-1.7199624220477503,-1.7037690321551722,-1.1327136198626917,-4.6177348534213465,-4.890387598668234,0.6929990649223328,0.0,-1.2783173588104546e-05,0.0,0.0,0.0,0.0,0.0,0.0,0.0,0.0,0.0,0.0,0
1785981693,923991203,100.0,-1.7199743429767054,-1.7037690321551722,-1.132749382649557,-4.617722932492391,-4.890363637601034,0.6930230259895325,0.0,-1.2783173588104546e-05,0.0,0.0,0.0,0.0,0.0,0.0,0.0,0.0,0.0,0.0,0
1785981693,943880558,100.0,-1.7199743429767054,-1.7037327925311487,-1.1326897780047815,-4.617722932492391,-4.890351716672079,0.6930469870567322,0.0,-1.2783173588104546e-05,0.0,0.0,0.0,0.0,0.0,0.0,0.0,0.0,0.0,0.0,0
1785981693,963979482,100.0,-1.7199743429767054,-1.703757111226217,-1.1326773802386683,-4.617758814488546,-4.890363637601034,0.6930110454559326,0.0,-1.2783173588104546e-05,0.0,0.0,0.0,0.0,0.0,0.0,0.0,0.0,0.0,0.0,0
1785981693,983902692,100.0,-1.7199624220477503,-1.7037213484393519,-1.132749382649557,-4.617770854626791,-4.890327755604879,0.6929990649223328,0.0,-1.2783173588104546e-05,0.0,0.0,0.0,0.0,0.0,0.0,0.0,0.0,0.0,0.0,0
1785981694,4102706,100.0,-1.7199385801898401,-1.703757111226217,-1.1327016989337366,-4.617758814488546,-4.890375677739279,0.6930230259895325,0.0,-1.2783173588104546e-05,0.0,0.0,0.0,0.0,0.0,0.0,0.0,0.0,0.0,0.0,0
1785981694,23810148,100.0,-1.7199981848346155,-1.7037327925311487,-1.1326897780047815,-4.617746893559591,-4.890375677739279,0.6930110454559326,0.0,-1.2783173588104546e-05,0.0,0.0,0.0,0.0,0.0,0.0,0.0,0.0,0.0,0.0,0
1785981694,44129133,100.0,-1.7198904196368616,-1.703757111226217,-1.1326897780047815,-4.617686931286947,-4.890412036572592,0.693058967590332,0.0,-1.2783173588104546e-05,0.0,0.0,0.0,0.0,0.0,0.0,0.0,0.0,0.0,0.0,0
1785981694,63860654,100.0,-1.71991473833193,-1.7037327925311487,-1.1326897780047815,-4.617746893559591,-4.890375677739279,0.6930230259895325,0.0,-1.2783173588104546e-05,0.0,0.0,0.0,0.0,0.0,0.0,0.0,0.0,0.0,0.0,0
1785981694,84244966,100.0,-1.719926659260885,-1.703745190297262,-1.1327016989337366,-4.6177348534213465,-4.890387598668234,0.6929870843887329,0.0,-1.2783173588104546e-05,0.0,0.0,0.0,0.0,0.0,0.0,0.0,0.0,0.0,0.0,0
1785981694,104342699,100.0,-1.719926659260885,-1.7037928740130823,-1.1327374617206019,-4.617746893559591,-4.890351716672079,0.6929990649223328,0.0,-1.2783173588104546e-05,0.0,0.0,0.0,0.0,0.0,0.0,0.0,0.0,0.0,0.0,0
1785981694,124130487,100.0,-1.7199385801898401,-1.7037809530841272,-1.1326897780047815,-4.6177348534213465,-4.890363637601034,0.6930230259895325,0.0,-1.2783173588104546e-05,0.0,0.0,0.0,0.0,0.0,0.0,0.0,0.0,0.0,0.0,0
1785981694,144065380,100.0,-1.719926659260885,-1.7037928740130823,-1.1326540152179163,-4.617770854626791,-4.890375677739279,0.6930110454559326,0.0,-1.2783173588104546e-05,0.0,0.0,0.0,0.0,0.0,0.0,0.0,0.0,0.0,0.0,0
1785981694,164181232,100.0,-1.7199023405658167,-1.7037327925311487,-1.1326773802386683,-4.617758814488546,-4.890387598668234,0.6929870843887329,0.0,-1.2783173588104546e-05,0.0,0.0,0.0,0.0,0.0,0.0,0.0,0.0,0.0,0.0,0
1785981694,183854103,100.0,-1.7199624220477503,-1.7037327925311487,-1.1327136198626917,-4.617770854626791,-4.890399638806478,0.6929870843887329,0.0,-1.2783173588104546e-05,0.0,0.0,0.0,0.0,0.0,0.0,0.0,0.0,0.0,0.0,0
1785981694,204027175,100.0,-1.719926659260885,-1.703745190297262,-1.1327136198626917,-4.6177948156939905,-4.890412036572592,0.6930469870567322,0.0,-1.2783173588104546e-05,0.0,0.0,0.0,0.0,0.0,0.0,0.0,0.0,0.0,0.0,0
1785981694,224027633,100.0,-1.7199505011187952,-1.7037327925311487,-1.1327136198626917,-4.6177348534213465,-4.890387598668234,0.6930110454559326,0.0,-1.2783173588104546e-05,0.0,0.0,0.0,0.0,0.0,0.0,0.0,0.0,0.0,0.0,0
1785981694,244032144,100.0,-1.7199023405658167,-1.7037327925311487,-1.1327374617206019,-4.617746893559591,-4.890375677739279,0.6930230259895325,0.0,-1.2783173588104546e-05,0.0,0.0,0.0,0.0,0.0,0.0,0.0,0.0,0.0,0.0,0
1785981694,263786554,100.0,-1.7199624220477503,-1.7037809530841272,-1.1327016989337366,-4.6177828947650355,-4.890363637601034,0.6930230259895325,0.0,-1.2783173588104546e-05,0.0,0.0,0.0,0.0,0.0,0.0,0.0,0.0,0.0,0.0,0
1785981694,284067392,100.0,-1.7199743429767054,-1.7037089506732386,-1.1327136198626917,-4.617746893559591,-4.890351716672079,0.6930350065231323,0.0,-1.2783173588104546e-05,0.0,0.0,0.0,0.0,0.0,0.0,0.0,0.0,0.0,0.0,0
1785981694,304334878,100.0,-1.7199862639056605,-1.703757111226217,-1.1326897780047815,-4.6177828947650355,-4.890363637601034,0.6929631233215332,0.0,-1.2783173588104546e-05,0.0,0.0,0.0,0.0,0.0,0.0,0.0,0.0,0.0,0.0,0
1785981694,324037075,100.0,-1.7199743429767054,-1.703745190297262,-1.1327255407916468,-4.6177348534213465,-4.890423957501547,0.6930230259895325,0.0,-1.2783173588104546e-05,0.0,0.0,0.0,0.0,0.0,0.0,0.0,0.0,0.0,0.0,0
1785981694,343834400,100.0,-1.7199624220477503,-1.7037690321551722,-1.1327374617206019,-4.617722932492391,-4.890363637601034,0.6930350065231323,0.0,-1.2783173588104546e-05,0.0,0.0,0.0,0.0,0.0,0.0,0.0,0.0,0.0,0.0,0
1785981694,363997459,100.0,-1.7199023405658167,-1.703757111226217,-1.1327016989337366,-4.617722932492391,-4.890351716672079,0.6930469870567322,0.0,-1.2783173588104546e-05,0.0,0.0,0.0,0.0,0.0,0.0,0.0,0.0,0.0,0.0,0
1785981694,384417295,100.0,-1.7199505011187952,-1.7037327925311487,-1.1327016989337366,-4.617770854626791,-4.890375677739279,0.6930469870567322,0.0,-1.2783173588104546e-05,0.0,0.0,0.0,0.0,0.0,0.0,0.0,0.0,0.0,0.0,0
1785981694,404146432,100.0,-1.719926659260885,-1.7037809530841272,-1.1327016989337366,-4.617770854626791,-4.890387598668234,0.6929990649223328,0.0,-1.2783173588104546e-05,0.0,0.0,0.0,0.0,0.0,0.0,0.0,0.0,0.0,0.0,0
1785981694,424270629,100.0,-1.719926659260885,-1.7037213484393519,-1.1327016989337366,-4.617746893559591,-4.890399638806478,0.6929990649223328,0.0,-1.2783173588104546e-05,0.0,0.0,0.0,0.0,0.0,0.0,0.0,0.0,0.0,0.0,0
1785981694,444008588,100.0,-1.7199862639056605,-1.7037327925311487,-1.1327255407916468,-4.617710892354147,-4.890399638806478,0.693058967590332,0.0,-1.2783173588104546e-05,0.0,0.0,0.0,0.0,0.0,0.0,0.0,0.0,0.0,0.0,0
1785981694,463807344,100.0,-1.7199505011187952,-1.703745190297262,-1.1327255407916468,-4.617758814488546,-4.890363637601034,0.6930110454559326,0.0,-1.2783173588104546e-05,0.0,0.0,0.0,0.0,0.0,0.0,0.0,0.0,0.0,0.0,0
1785981694,484199762,100.0,-1.7199981848346155,-1.7038052717791956,-1.1326897780047815,-4.617722932492391,-4.890399638806478,0.6930230259895325,0.0,-1.2783173588104546e-05,0.0,0.0,0.0,0.0,0.0,0.0,0.0,0.0,0.0,0.0,0
1785981694,504323005,100.0,-1.7200225035296839,-1.7037690321551722,-1.1326897780047815,-4.617770854626791,-4.890412036572592,0.693058967590332,0.0,-1.2783173588104546e-05,0.0,0.0,0.0,0.0,0.0,0.0,0.0,0.0,0.0,0.0,0
1785981694,524012327,100.0,-1.7199862639056605,-1.7037089506732386,-1.1326897780047815,-4.617722932492391,-4.890399638806478,0.6930110454559326,0.0,-1.2783173588104546e-05,0.0,0.0,0.0,0.0,0.0,0.0,0.0,0.0,0.0,0.0,0
1785981694,544318675,100.0,-1.7199385801898401,-1.703745190297262,-1.1327016989337366,-4.617710892354147,-4.890399638806478,0.6929990649223328,0.0,-1.2783173588104546e-05,0.0,0.0,0.0,0.0,0.0,0.0,0.0,0.0,0.0,0.0,0
1785981694,564004659,100.0,-1.7199385801898401,-1.703757111226217,-1.1327136198626917,-4.617758814488546,-4.890375677739279,0.6930230259895325,0.0,-1.2783173588104546e-05,0.0,0.0,0.0,0.0,0.0,0.0,0.0,0.0,0.0,0.0,0
1785981694,583793163,100.0,-1.7199505011187952,-1.7037213484393519,-1.1327016989337366,-4.6177348534213465,-4.890375677739279,0.6929990649223328,0.0,-1.2783173588104546e-05,0.0,0.0,0.0,0.0,0.0,0.0,0.0,0.0,0.0,0.0,0
1785981694,604116439,100.0,-1.7199385801898401,-1.7037690321551722,-1.1327136198626917,-4.617746893559591,-4.890363637601034,0.6930469870567322,0.0,-1.2783173588104546e-05,0.0,0.0,0.0,0.0,0.0,0.0,0.0,0.0,0.0,0.0,0
1785981694,624100208,100.0,-1.7199505011187952,-1.7038167158709925,-1.1327136198626917,-4.6177348534213465,-4.890351716672079,0.6930350065231323,0.0,-1.2783173588104546e-05,0.0,0.0,0.0,0.0,0.0,0.0,0.0,0.0,0.0,0.0,0
1785981694,644153833,100.0,-1.7199385801898401,-1.7037327925311487,-1.1326773802386683,-4.617710892354147,-4.890412036572592,0.6930110454559326,0.0,-1.2783173588104546e-05,0.0,0.0,0.0,0.0,0.0,0.0,0.0,0.0,0.0,0.0,0
1785981694,664027214,100.0,-1.7199385801898401,-1.703757111226217,-1.1327136198626917,-4.6177348534213465,-4.890387598668234,0.6930350065231323,0.0,-1.2783173588104546e-05,0.0,0.0,0.0,0.0,0.0,0.0,0.0,0.0,0.0,0.0,0
1785981694,684143304,100.0,-1.7199505011187952,-1.7037928740130823,-1.1326897780047815,-4.617710892354147,-4.890387598668234,0.6930469870567322,0.0,-1.2783173588104546e-05,0.0,0.0,0.0,0.0,0.0,0.0,0.0,0.0,0.0,0.0,0
1785981694,704337358,100.0,-1.7199385801898401,-1.7037928740130823,-1.132618252431051,-4.617722932492391,-4.890363637601034,0.6929870843887329,0.0,-1.2783173588104546e-05,0.0,0.0,0.0,0.0,0.0,0.0,0.0,0.0,0.0,0.0,0
1785981694,724196910,100.0,-1.719926659260885,-1.703757111226217,-1.1327016989337366,-4.617710892354147,-4.890412036572592,0.6930230259895325,0.0,-1.2783173588104546e-05,0.0,0.0,0.0,0.0,0.0,0.0,0.0,0.0,0.0,0.0,0
1785981694,744061231,100.0,-1.7200225035296839,-1.7037690321551722,-1.1327016989337366,-4.617746893559591,-4.890351716672079,0.6929870843887329,0.0,-1.2783173588104546e-05,0.0,0.0,0.0,0.0,0.0,0.0,0.0,0.0,0.0,0.0,0
1785981694,764099121,100.0,-1.7199743429767054,-1.7037809530841272,-1.1326540152179163,-4.617758814488546,-4.890387598668234,0.693058967590332,0.0,-1.2783173588104546e-05,0.0,0.0,0.0,0.0,0.0,0.0,0.0,0.0,0.0,0.0,0
1785981694,784158229,100.0,-1.719926659260885,-1.7037213484393519,-1.1326773802386683,-4.6177348534213465,-4.890412036572592,0.6929990649223328,0.0,-1.2783173588104546e-05,0.0,0.0,0.0,0.0,0.0,0.0,0.0,0.0,0.0,0.0,0
1785981694,804094314,100.0,-1.7199743429767054,-1.7037928740130823,-1.132749382649557,-4.6177828947650355,-4.890412036572592,0.6930469870567322,0.0,-1.2783173588104546e-05,0.0,0.0,0.0,0.0,0.0,0.0,0.0,0.0,0.0,0.0,0
1785981694,824070930,100.0,-1.719926659260885,-1.703745190297262,-1.1327016989337366,-4.6177828947650355,-4.890412036572592,0.6929990649223328,0.0,-1.2783173588104546e-05,0.0,0.0,0.0,0.0,0.0,0.0,0.0,0.0,0.0,0.0,0
1785981694,844184398,100.0,-1.719926659260885,-1.703757111226217,-1.1327374617206019,-4.617710892354147,-4.890387598668234,0.693058967590332,0.0,-1.2783173588104546e-05,0.0,0.0,0.0,0.0,0.0,0.0,0.0,0.0,0.0,0.0,0
1785981694,863939523,100.0,-1.7200105826007288,-1.7037327925311487,-1.1327255407916468,-4.6177348534213465,-4.890387598668234,0.6930350065231323,0.0,-1.2783173588104546e-05,0.0,0.0,0.0,0.0,0.0,0.0,0.0,0.0,0.0,0.0,0
1785981694,884184360,100.0,-1.7199385801898401,-1.7037213484393519,-1.1327136198626917,-4.617722932492391,-4.890375677739279,0.6930110454559326,0.0,-1.2783173588104546e-05,0.0,0.0,0.0,0.0,0.0,0.0,0.0,0.0,0.0,0.0,0
1785981694,904075145,100.0,-1.7199385801898401,-1.7037809530841272,-1.1327136198626917,-4.6177828947650355,-4.890399638806478,0.6930469870567322,0.0,-1.2783173588104546e-05,0.0,0.0,0.0,0.0,0.0,0.0,0.0,0.0,0.0,0.0,0
1785981694,924113035,100.0,-1.7199862639056605,-1.703757111226217,-1.1326897780047815,-4.617746893559591,-4.890339676533834,0.6930110454559326,0.0,-1.2783173588104546e-05,0.0,0.0,0.0,0.0,0.0,0.0,0.0,0.0,0.0,0.0,0
1785981694,944208383,100.0,-1.7199385801898401,-1.7037809530841272,-1.1326897780047815,-4.617722932492391,-4.890351716672079,0.6930469870567322,0.0,-1.2783173588104546e-05,0.0,0.0,0.0,0.0,0.0,0.0,0.0,0.0,0.0,0.0,0
1785981694,964205980,100.0,-1.719926659260885,-1.7037809530841272,-1.1326420942889612,-4.617746893559591,-4.890351716672079,0.6930709481239319,0.0,-1.2783173588104546e-05,0.0,0.0,0.0,0.0,0.0,0.0,0.0,0.0,0.0,0.0,0
1785981694,984149694,100.0,-1.7199743429767054,-1.703757111226217,-1.1327136198626917,-4.617710892354147,-4.890423957501547,0.6930230259895325,0.0,-1.2783173588104546e-05,0.0,0.0,0.0,0.0,0.0,0.0,0.0,0.0,0.0,0.0,0
1785981695,4076480,100.0,-1.7199385801898401,-1.7037213484393519,-1.1326659361468714,-4.617722932492391,-4.890423957501547,0.6929990649223328,0.0,-1.2783173588104546e-05,0.0,0.0,0.0,0.0,0.0,0.0,0.0,0.0,0.0,0.0,0
1785981695,24136781,100.0,-1.7199505011187952,-1.7038052717791956,-1.1326773802386683,-4.617770854626791,-4.890375677739279,0.6930230259895325,0.0,-1.2783173588104546e-05,0.0,0.0,0.0,0.0,0.0,0.0,0.0,0.0,0.0,0.0,0
1785981695,44191598,100.0,-1.7199385801898401,-1.7037928740130823,-1.1327136198626917,-4.6177348534213465,-4.890399638806478,0.6930110454559326,0.0,-1.2783173588104546e-05,0.0,0.0,0.0,0.0,0.0,0.0,0.0,0.0,0.0,0.0,0
1785981695,64268589,100.0,-1.7200105826007288,-1.7036970297442835,-1.1327136198626917,-4.617770854626791,-4.890387598668234,0.693058967590332,0.0,-1.2783173588104546e-05,0.0,0.0,0.0,0.0,0.0,0.0,0.0,0.0,0.0,0.0,0
1785981695,84563493,100.0,-1.7199505011187952,-1.7037690321551722,-1.1327136198626917,-4.617746893559591,-4.890363637601034,0.6930110454559326,0.0,-1.2783173588104546e-05,0.0,0.0,0.0,0.0,0.0,0.0,0.0,0.0,0.0,0.0,0
1785981695,107719659,100.0,-1.7199505011187952,-1.7037690321551722,-1.1327136198626917,-4.617746893559591,-4.890363637601034,0.6930110454559326,0.0,-1.2783173588104546e-05,0.0,0.0,0.0,0.0,0.0,0.0,0.0,0.0,0.0,0.0,0
1785981695,124155044,100.0,-1.7199505011187952,-1.7037690321551722,-1.1327136198626917,-4.617746893559591,-4.890363637601034,0.6930110454559326,0.0,-1.2783173588104546e-05,0.0,0.0,0.0,0.0,0.0,0.0,0.0,0.0,0.0,0.0,0
1785981695,144115209,100.0,-1.7199505011187952,-1.7037690321551722,-1.1327136198626917,-4.617746893559591,-4.890363637601034,0.6930110454559326,0.0,-1.2783173588104546e-05,0.0,0.0,0.0,0.0,0.0,0.0,0.0,0.0,0.0,0.0,0
1785981695,164128541,100.0,-1.7199505011187952,-1.7037690321551722,-1.1327136198626917,-4.617746893559591,-4.890363637601034,0.6930110454559326,0.0,-1.2783173588104546e-05,0.0,0.0,0.0,0.0,0.0,0.0,0.0,0.0,0.0,0.0,0
1785981695,184208393,100.0,-1.7199505011187952,-1.7037690321551722,-1.1327136198626917,-4.617746893559591,-4.890363637601034,0.6930110454559326,0.0,0.0,0.0,0.0,0.0,0.0,0.0,0.0,0.0,0.0,0.0,0.0,0
1785981695,204129934,100.0,-1.7199505011187952,-1.7037690321551722,-1.1327136198626917,-4.617746893559591,-4.890363637601034,0.6930110454559326,0.0,0.0,0.0,0.0,0.0,0.0,0.0,0.0,0.0,0.0,0.0,0.0,0
1785981695,224112987,100.0,-1.7199505011187952,-1.7037690321551722,-1.1327136198626917,-4.617746893559591,-4.890363637601034,0.6930110454559326,0.0,0.0,0.0,0.0,0.0,0.0,0.0,0.0,0.0,0.0,0.0,0.0,0
1785981695,244113445,100.0,-1.7199505011187952,-1.7037690321551722,-1.1327136198626917,-4.617746893559591,-4.890363637601034,0.6930110454559326,0.0,0.0,0.0,0.0,0.0,0.0,0.0,0.0,0.0,0.0,0.0,0.0,0
1785981695,264095783,100.0,-1.7199505011187952,-1.7037690321551722,-1.1327136198626917,-4.617746893559591,-4.890363637601034,0.6930110454559326,0.0,0.0,0.0,0.0,0.0,0.0,0.0,0.0,0.0,0.0,0.0,0.0,0
1785981695,284135818,100.0,-1.7200225035296839,-1.7037089506732386,-1.1327136198626917,-4.617698971425192,-4.890363637601034,0.6929870843887329,0.0,-1.2783173588104546e-05,0.0,0.0,0.0,0.0,0.0,0.0,0.0,0.0,0.0,0.0,0
1785981695,305500268,100.0,-1.719926659260885,-1.7037809530841272,-1.1327255407916468,-4.617770854626791,-4.890399638806478,0.6930469870567322,0.0,-0.0,0.0,0.0,0.0,0.0,0.0,0.0,0.0,0.0,0.0,0.0,0
1785981695,324275970,100.0,-1.7199505011187952,-1.7037690321551722,-1.1326897780047815,-4.617746893559591,-4.890363637601034,0.6929751038551331,0.0,-0.0,0.0,0.0,0.0,0.0,0.0,0.0,0.0,0.0,0.0,0.0,0
1785981695,344577550,100.0,-1.719926659260885,-1.703745190297262,-1.1327374617206019,-4.6177348534213465,-4.890351716672079,0.6930230259895325,0.0,-0.0,0.0,0.0,0.0,0.0,0.0,0.0,0.0,0.0,0.0,0.0,0
1785981695,364121198,100.0,-1.7199505011187952,-1.7037809530841272,-1.1327255407916468,-4.617758814488546,-4.890363637601034,0.6929990649223328,0.0,-0.0,0.0,0.0,0.0,0.0,0.0,0.0,0.0,0.0,0.0,0.0,0
1785981695,384058713,100.0,-1.719926659260885,-1.7037089506732386,-1.1326897780047815,-4.617722932492391,-4.890363637601034,0.6930230259895325,0.0,-0.0,0.0,0.0,0.0,0.0,0.0,0.0,0.0,0.0,0.0,0.0,0
1785981695,404044389,100.0,-1.7199624220477503,-1.703745190297262,-1.1327016989337366,-4.617722932492391,-4.890399638806478,0.693058967590332,0.0,-0.0,0.0,0.0,0.0,0.0,0.0,0.0,0.0,0.0,0.0,0.0,0
1785981695,424113988,100.0,-1.7199505011187952,-1.703745190297262,-1.1326897780047815,-4.617722932492391,-4.890375677739279,0.6929870843887329,0.0,-0.0,0.0,0.0,0.0,0.0,0.0,0.0,0.0,0.0,0.0,0.0,0
1785981695,444097042,100.0,-1.719926659260885,-1.7037213484393519,-1.1327016989337366,-4.617722932492391,-4.890375677739279,0.6930110454559326,0.0,-0.0,0.0,0.0,0.0,0.0,0.0,0.0,0.0,0.0,0.0,0.0,0
1785981695,464999437,100.0,-1.7199624220477503,-1.703757111226217,-1.1327016989337366,-4.617710892354147,-4.890375677739279,0.6930110454559326,0.0,-0.0,0.0,0.0,0.0,0.0,0.0,0.0,0.0,0.0,0.0,0.0,0
1785981695,484086751,100.0,-1.7199624220477503,-1.7037690321551722,-1.1327016989337366,-4.617698971425192,-4.890375677739279,0.6930230259895325,0.0,-0.0,0.0,0.0,0.0,0.0,0.0,0.0,0.0,0.0,0.0,0.0,0
1785981695,504241943,100.0,-1.7199624220477503,-1.7037690321551722,-1.1327016989337366,-4.6177348534213465,-4.890363637601034,0.6929990649223328,0.0,-0.0,0.0,0.0,0.0,0.0,0.0,0.0,0.0,0.0,0.0,0.0,0
1785981695,524278163,100.0,-1.7199385801898401,-1.7037327925311487,-1.1326773802386683,-4.617746893559591,-4.890375677739279,0.6930230259895325,0.0,-0.0,0.0,0.0,0.0,0.0,0.0,0.0,0.0,0.0,0.0,0.0,0
1785981695,544751405,100.0,-1.7199505011187952,-1.703745190297262,-1.1326659361468714,-4.6177348534213465,-4.890327755604879,0.6930230259895325,0.0,-0.0,0.0,0.0,0.0,0.0,0.0,0.0,0.0,0.0,0.0,0.0,0
1785981695,564145088,100.0,-1.7199743429767054,-1.7037213484393519,-1.1327016989337366,-4.617758814488546,-4.890375677739279,0.6929751038551331,0.0,-0.0,0.0,0.0,0.0,0.0,0.0,0.0,0.0,0.0,0.0,0.0,0
1785981695,584270000,100.0,-1.719926659260885,-1.703757111226217,-1.1327016989337366,-4.617746893559591,-4.890399638806478,0.6930469870567322,0.0,-0.0,0.0,0.0,0.0,0.0,0.0,0.0,0.0,0.0,0.0,0.0,0
1785981695,604005813,100.0,-1.7199624220477503,-1.703757111226217,-1.1326897780047815,-4.617710892354147,-4.890412036572592,0.6930230259895325,0.0,-0.0,0.0,0.0,0.0,0.0,0.0,0.0,0.0,0.0,0.0,0.0,0
1785981695,624184131,100.0,-1.71991473833193,-1.7037928740130823,-1.1327136198626917,-4.617758814488546,-4.890339676533834,0.6930230259895325,0.0,-0.0,0.0,0.0,0.0,0.0,0.0,0.0,0.0,0.0,0.0,0.0,0
1785981695,644256830,100.0,-1.7199385801898401,-1.7037327925311487,-1.1327136198626917,-4.6177348534213465,-4.890339676533834,0.693058967590332,0.0,-0.0,0.0,0.0,0.0,0.0,0.0,0.0,0.0,0.0,0.0,0.0,0
1785981695,664227724,100.0,-1.71991473833193,-1.7037690321551722,-1.1327255407916468,-4.6177348534213465,-4.890387598668234,0.6930469870567322,0.0,-0.0,0.0,0.0,0.0,0.0,0.0,0.0,0.0,0.0,0.0,0.0,0
1785981695,684095382,100.0,-1.7199981848346155,-1.7037809530841272,-1.1326773802386683,-4.617710892354147,-4.890339676533834,0.6930350065231323,0.0,-0.0,0.0,0.0,0.0,0.0,0.0,0.0,0.0,0.0,0.0,0.0,0
1785981695,704830646,100.0,-1.7199862639056605,-1.7037089506732386,-1.1326540152179163,-4.617698971425192,-4.890375677739279,0.6930110454559326,0.0,-0.0,0.0,0.0,0.0,0.0,0.0,0.0,0.0,0.0,0.0,0.0,0
1785981695,724127769,100.0,-1.7199505011187952,-1.7037809530841272,-1.1326659361468714,-4.617758814488546,-4.890387598668234,0.6929870843887329,0.0,-0.0,0.0,0.0,0.0,0.0,0.0,0.0,0.0,0.0,0.0,0.0,0
1785981695,744778633,100.0,-1.7199862639056605,-1.7037809530841272,-1.1327016989337366,-4.617746893559591,-4.890363637601034,0.6930350065231323,0.0,-0.0,0.0,0.0,0.0,0.0,0.0,0.0,0.0,0.0,0.0,0.0,0
1785981695,764233112,100.0,-1.719926659260885,-1.7038052717791956,-1.1326897780047815,-4.6177348534213465,-4.890375677739279,0.6930469870567322,0.0,-0.0,0.0,0.0,0.0,0.0,0.0,0.0,0.0,0.0,0.0,0.0,0
1785981695,785327672,100.0,-1.7199624220477503,-1.7037928740130823,-1.1327136198626917,-4.617758814488546,-4.890375677739279,0.6930230259895325,0.0,-0.0,0.0,0.0,0.0,0.0,0.0,0.0,0.0,0.0,0.0,0.0,0
1785981695,804087400,100.0,-1.7199385801898401,-1.7037327925311487,-1.1327374617206019,-4.617722932492391,-4.890339676533834,0.6930709481239319,0.0,-0.0,0.0,0.0,0.0,0.0,0.0,0.0,0.0,0.0,0.0,0.0,0
1785981695,824870824,100.0,-1.7199385801898401,-1.7037690321551722,-1.1326897780047815,-4.6177348534213465,-4.890363637601034,0.6930350065231323,0.0,-0.0,0.0,0.0,0.0,0.0,0.0,0.0,0.0,0.0,0.0,0.0,0
1785981695,844200372,100.0,-1.7199624220477503,-1.703757111226217,-1.1326773802386683,-4.6177348534213465,-4.890375677739279,0.6930350065231323,0.0,-0.0,0.0,0.0,0.0,0.0,0.0,0.0,0.0,0.0,0.0,0.0,0
1785981695,864318609,100.0,-1.7199385801898401,-1.703757111226217,-1.1327136198626917,-4.617758814488546,-4.890351716672079,0.6930230259895325,0.0,-0.0,0.0,0.0,0.0,0.0,0.0,0.0,0.0,0.0,0.0,0.0,0
1785981695,884153842,100.0,-1.7199385801898401,-1.7037809530841272,-1.1327136198626917,-4.617722932492391,-4.890387598668234,0.6930829286575317,0.0,-0.0,0.0,0.0,0.0,0.0,0.0,0.0,0.0,0.0,0.0,0.0,0
1785981695,904931783,100.0,-1.7199743429767054,-1.7037809530841272,-1.1327016989337366,-4.617698971425192,-4.890375677739279,0.6930230259895325,0.0,-0.0,0.0,0.0,0.0,0.0,0.0,0.0,0.0,0.0,0.0,0.0,0
1785981695,924042463,100.0,-1.7199505011187952,-1.703757111226217,-1.1327016989337366,-4.617770854626791,-4.890351716672079,0.6929990649223328,0.0,-0.0,0.0,0.0,0.0,0.0,0.0,0.0,0.0,0.0,0.0,0.0,0
1785981695,945389986,100.0,-1.7199624220477503,-1.703757111226217,-1.1327016989337366,-4.617722932492391,-4.890339676533834,0.6930469870567322,0.0,-0.0,0.0,0.0,0.0,0.0,0.0,0.0,0.0,0.0,0.0,0.0,0
1785981695,964221477,100.0,-1.719926659260885,-1.7038167158709925,-1.1327016989337366,-4.6177348534213465,-4.890363637601034,0.6930230259895325,0.0,-0.0,0.0,0.0,0.0,0.0,0.0,0.0,0.0,0.0,0.0,0.0,0
1785981695,985058307,100.0,-1.7199385801898401,-1.7037928740130823,-1.1326540152179163,-4.6177348534213465,-4.890351716672079,0.6930230259895325,0.0,-0.0,0.0,0.0,0.0,0.0,0.0,0.0,0.0,0.0,0.0,0.0,0
1785981696,4179477,100.0,-1.71991473833193,-1.7037928740130823,-1.1327374617206019,-4.617770854626791,-4.890351716672079,0.6930110454559326,0.0,-0.0,0.0,0.0,0.0,0.0,0.0,0.0,0.0,0.0,0.0,0.0,0
1785981696,23872137,100.0,-1.7199505011187952,-1.7037690321551722,-1.1326540152179163,-4.617770854626791,-4.890387598668234,0.6930230259895325,0.0,-0.0,0.0,0.0,0.0,0.0,0.0,0.0,0.0,0.0,0.0,0.0,0
1785981696,44038772,100.0,-1.7199505011187952,-1.7037690321551722,-1.1327255407916468,-4.617758814488546,-4.890327755604879,0.6930469870567322,0.0,-0.0,0.0,0.0,0.0,0.0,0.0,0.0,0.0,0.0,0.0,0.0,0
1785981696,64838171,100.0,-1.7199505011187952,-1.7037327925311487,-1.1327255407916468,-4.6177828947650355,-4.890399638806478,0.693058967590332,0.0,-0.0,0.0,0.0,0.0,0.0,0.0,0.0,0.0,0.0,0.0,0.0,0
1785981696,84062576,100.0,-1.7199624220477503,-1.7037809530841272,-1.1326897780047815,-4.617710892354147,-4.890351716672079,0.6930230259895325,0.0,-0.0,0.0,0.0,0.0,0.0,0.0,0.0,0.0,0.0,0.0,0.0,0
1785981696,104844093,100.0,-1.71991473833193,-1.7037690321551722,-1.1326540152179163,-4.617722932492391,-4.890387598668234,0.6930469870567322,0.0,-0.0,0.0,0.0,0.0,0.0,0.0,0.0,0.0,0.0,0.0,0.0,0
1785981696,124154806,100.0,-1.7199023405658167,-1.7037809530841272,-1.1327136198626917,-4.617698971425192,-4.890412036572592,0.6930230259895325,0.0,-0.0,0.0,0.0,0.0,0.0,0.0,0.0,0.0,0.0,0.0,0.0,0
1785981696,145102262,100.0,-1.7199624220477503,-1.7037690321551722,-1.1327016989337366,-4.6177348534213465,-4.890412036572592,0.6929990649223328,0.0,-0.0,0.0,0.0,0.0,0.0,0.0,0.0,0.0,0.0,0.0,0.0,0
1785981696,164081096,100.0,-1.7199385801898401,-1.703745190297262,-1.1326301733600062,-4.617746893559591,-4.890351716672079,0.6929870843887329,0.0,-0.0,0.0,0.0,0.0,0.0,0.0,0.0,0.0,0.0,0.0,0.0,0
1785981696,184256076,100.0,-1.7199624220477503,-1.7037809530841272,-1.1326773802386683,-4.6177348534213465,-4.890351716672079,0.6930469870567322,0.0,-0.0,0.0,0.0,0.0,0.0,0.0,0.0,0.0,0.0,0.0,0.0,0
1785981696,204174041,100.0,-1.7199862639056605,-1.7038167158709925,-1.1327255407916468,-4.6177348534213465,-4.890412036572592,0.6930469870567322,0.0,-0.0,0.0,0.0,0.0,0.0,0.0,0.0,0.0,0.0,0.0,0.0,0
1785981696,224168300,100.0,-1.7199624220477503,-1.7037327925311487,-1.1326897780047815,-4.6177348534213465,-4.890363637601034,0.6930110454559326,0.0,-0.0,0.0,0.0,0.0,0.0,0.0,0.0,0.0,0.0,0.0,0.0,0
1785981696,244015455,100.0,-1.7199385801898401,-1.7037213484393519,-1.1326659361468714,-4.617722932492391,-4.890375677739279,0.6930350065231323,0.0,-0.0,0.0,0.0,0.0,0.0,0.0,0.0,0.0,0.0,0.0,0.0,0
1785981696,264404535,100.0,-1.7199624220477503,-1.7037690321551722,-1.1326773802386683,-4.617710892354147,-4.890375677739279,0.6930110454559326,0.0,-0.0,0.0,0.0,0.0,0.0,0.0,0.0,0.0,0.0,0.0,0.0,0
1785981696,284063577,100.0,-1.7199862639056605,-1.7038052717791956,-1.1326659361468714,-4.617746893559591,-4.890351716672079,0.6930469870567322,0.0,-0.0,0.0,0.0,0.0,0.0,0.0,0.0,0.0,0.0,0.0,0.0,0
1785981696,304140806,100.0,-1.7199624220477503,-1.7037690321551722,-1.1326773802386683,-4.617746893559591,-4.890351716672079,0.6930709481239319,0.0,-0.0,0.0,0.0,0.0,0.0,0.0,0.0,0.0,0.0,0.0,0.0,0
1785981696,324078083,100.0,-1.71991473833193,-1.7038052717791956,-1.1327374617206019,-4.617722932492391,-4.890399638806478,0.6930350065231323,0.0,-0.0,0.0,0.0,0.0,0.0,0.0,0.0,0.0,0.0,0.0,0.0,0
1785981696,344261646,100.0,-1.7199385801898401,-1.7037690321551722,-1.1327016989337366,-4.617698971425192,-4.890399638806478,0.6929990649223328,0.0,-0.0,0.0,0.0,0.0,0.0,0.0,0.0,0.0,0.0,0.0,0.0,0
1785981696,364113569,100.0,-1.7199624220477503,-1.703745190297262,-1.1327374617206019,-4.6177348534213465,-4.890399638806478,0.6930469870567322,0.0,-0.0,0.0,0.0,0.0,0.0,0.0,0.0,0.0,0.0,0.0,0.0,0
1785981696,384716272,100.0,-1.7199624220477503,-1.7037928740130823,-1.1326897780047815,-4.617758814488546,-4.890399638806478,0.6930110454559326,0.0,-0.0,0.0,0.0,0.0,0.0,0.0,0.0,0.0,0.0,0.0,0.0,0
1785981696,404079437,100.0,-1.7199981848346155,-1.7037690321551722,-1.1327374617206019,-4.617746893559591,-4.890363637601034,0.6929990649223328,0.0,-0.0,0.0,0.0,0.0,0.0,0.0,0.0,0.0,0.0,0.0,0.0,0
1785981696,424509525,100.0,-1.71991473833193,-1.7037690321551722,-1.1327374617206019,-4.6177348534213465,-4.890339676533834,0.6930230259895325,0.0,-0.0,0.0,0.0,0.0,0.0,0.0,0.0,0.0,0.0,0.0,0.0,0
1785981696,444055557,100.0,-1.7199385801898401,-1.703745190297262,-1.132749382649557,-4.617758814488546,-4.890412036572592,0.6929990649223328,0.0,-0.0,0.0,0.0,0.0,0.0,0.0,0.0,0.0,0.0,0.0,0.0,0
1785981696,463867664,100.0,-1.7199624220477503,-1.7037928740130823,-1.1326659361468714,-4.617770854626791,-4.890363637601034,0.6930829286575317,0.0,-0.0,0.0,0.0,0.0,0.0,0.0,0.0,0.0,0.0,0.0,0.0,0
1785981696,484077930,100.0,-1.7198904196368616,-1.703757111226217,-1.1326659361468714,-4.617722932492391,-4.890387598668234,0.6930110454559326,0.0,-0.0,0.0,0.0,0.0,0.0,0.0,0.0,0.0,0.0,0.0,0.0,0
1785981696,503933191,100.0,-1.7199743429767054,-1.7038052717791956,-1.1327016989337366,-4.617758814488546,-4.890375677739279,0.6930469870567322,0.0,-0.0,0.0,0.0,0.0,0.0,0.0,0.0,0.0,0.0,0.0,0.0,0
1785981696,524041414,100.0,-1.719926659260885,-1.703757111226217,-1.1327136198626917,-4.6177348534213465,-4.890375677739279,0.6930230259895325,0.0,-0.0,0.0,0.0,0.0,0.0,0.0,0.0,0.0,0.0,0.0,0.0,0
1785981696,544015407,100.0,-1.719926659260885,-1.7037690321551722,-1.1326659361468714,-4.617698971425192,-4.890375677739279,0.6930469870567322,0.0,-0.0,0.0,0.0,0.0,0.0,0.0,0.0,0.0,0.0,0.0,0.0,0
1785981696,564081907,100.0,-1.7199862639056605,-1.7037928740130823,-1.1326897780047815,-4.6177348534213465,-4.890387598668234,0.6930350065231323,0.0,-0.0,0.0,0.0,0.0,0.0,0.0,0.0,0.0,0.0,0.0,0.0,0
1785981696,584033966,100.0,-1.7199023405658167,-1.7037809530841272,-1.1327374617206019,-4.617686931286947,-4.890387598668234,0.6929870843887329,0.0,-0.0,0.0,0.0,0.0,0.0,0.0,0.0,0.0,0.0,0.0,0.0,0
1785981696,604200124,100.0,-1.7199624220477503,-1.7037928740130823,-1.1326773802386683,-4.617758814488546,-4.890339676533834,0.6930469870567322,0.0,-0.0,0.0,0.0,0.0,0.0,0.0,0.0,0.0,0.0,0.0,0.0,0
1785981696,624330282,100.0,-1.7199505011187952,-1.7037327925311487,-1.1326420942889612,-4.617722932492391,-4.890351716672079,0.6929990649223328,0.0,-0.0,0.0,0.0,0.0,0.0,0.0,0.0,0.0,0.0,0.0,0.0,0
1785981696,644077062,100.0,-1.7199385801898401,-1.7037809530841272,-1.1326897780047815,-4.6177348534213465,-4.890363637601034,0.693058967590332,0.0,-0.0,0.0,0.0,0.0,0.0,0.0,0.0,0.0,0.0,0.0,0.0,0
1785981696,664150238,100.0,-1.7199385801898401,-1.7037690321551722,-1.1327255407916468,-4.6177348534213465,-4.890363637601034,0.6930469870567322,0.0,-0.0,0.0,0.0,0.0,0.0,0.0,0.0,0.0,0.0,0.0,0.0,0
1785981696,684062242,100.0,-1.71991473833193,-1.7037690321551722,-1.1327016989337366,-4.617758814488546,-4.890363637601034,0.6930110454559326,0.0,-0.0,0.0,0.0,0.0,0.0,0.0,0.0,0.0,0.0,0.0,0.0,0
1785981696,704156398,100.0,-1.7199981848346155,-1.703757111226217,-1.1327016989337366,-4.617758814488546,-4.890351716672079,0.6930230259895325,0.0,-0.0,0.0,0.0,0.0,0.0,0.0,0.0,0.0,0.0,0.0,0.0,0
1785981696,724054574,100.0,-1.7199385801898401,-1.7038167158709925,-1.1326897780047815,-4.617746893559591,-4.890412036572592,0.6930469870567322,0.0,-0.0,0.0,0.0,0.0,0.0,0.0,0.0,0.0,0.0,0.0,0.0,0
1785981696,743973016,100.0,-1.7199023405658167,-1.7038052717791956,-1.1327016989337366,-4.617758814488546,-4.890375677739279,0.6929751038551331,0.0,-0.0,0.0,0.0,0.0,0.0,0.0,0.0,0.0,0.0,0.0,0.0,0
1785981696,764008045,100.0,-1.7199385801898401,-1.7037690321551722,-1.1327255407916468,-4.617722932492391,-4.890363637601034,0.6930110454559326,0.0,-0.0,0.0,0.0,0.0,0.0,0.0,0.0,0.0,0.0,0.0,0.0,0
1785981696,784237146,100.0,-1.7199385801898401,-1.7037928740130823,-1.1326897780047815,-4.617722932492391,-4.890351716672079,0.6930230259895325,0.0,-0.0,0.0,0.0,0.0,0.0,0.0,0.0,0.0,0.0,0.0,0.0,0
1785981696,804185867,100.0,-1.719926659260885,-1.7037327925311487,-1.1327136198626917,-4.617722932492391,-4.890375677739279,0.6929990649223328,0.0,-0.0,0.0,0.0,0.0,0.0,0.0,0.0,0.0,0.0,0.0,0.0,0
1785981696,824248313,100.0,-1.7199624220477503,-1.703757111226217,-1.1326659361468714,-4.617722932492391,-4.890375677739279,0.6929870843887329,0.0,-0.0,0.0,0.0,0.0,0.0,0.0,0.0,0.0,0.0,0.0,0.0,0
1785981696,844146728,100.0,-1.7199862639056605,-1.7037809530841272,-1.1327374617206019,-4.617770854626791,-4.890375677739279,0.6930469870567322,0.0,-0.0,0.0,0.0,0.0,0.0,0.0,0.0,0.0,0.0,0.0,0.0,0
1785981696,864488601,100.0,-1.7199981848346155,-1.703757111226217,-1.1327136198626917,-4.617722932492391,-4.890399638806478,0.6930469870567322,0.0,-0.0,0.0,0.0,0.0,0.0,0.0,0.0,0.0,0.0,0.0,0.0,0
1785981696,884117364,100.0,-1.7199743429767054,-1.7037809530841272,-1.1327255407916468,-4.617722932492391,-4.890375677739279,0.6930829286575317,0.0,-0.0,0.0,0.0,0.0,0.0,0.0,0.0,0.0,0.0,0.0,0.0,0
1785981696,904351234,100.0,-1.7199385801898401,-1.7038052717791956,-1.1326897780047815,-4.617758814488546,-4.890363637601034,0.6930709481239319,0.0,-0.0,0.0,0.0,0.0,0.0,0.0,0.0,0.0,0.0,0.0,0.0,0
1785981696,924160003,100.0,-1.7199624220477503,-1.7037928740130823,-1.1326897780047815,-4.617710892354147,-4.890412036572592,0.6930469870567322,0.0,-0.0,0.0,0.0,0.0,0.0,0.0,0.0,0.0,0.0,0.0,0.0,0
1785981696,944148302,100.0,-1.7198904196368616,-1.7037690321551722,-1.1327255407916468,-4.617698971425192,-4.890375677739279,0.6930110454559326,0.0,-0.0,0.0,0.0,0.0,0.0,0.0,0.0,0.0,0.0,0.0,0.0,0
1785981696,964034557,100.0,-1.7199624220477503,-1.7037809530841272,-1.1327255407916468,-4.617758814488546,-4.890399638806478,0.6930230259895325,0.0,-0.0,0.0,0.0,0.0,0.0,0.0,0.0,0.0,0.0,0.0,0.0,0
1785981696,985205650,100.0,-1.7199385801898401,-1.7037928740130823,-1.1326773802386683,-4.617770854626791,-4.890423957501547,0.6930230259895325,0.0,-0.0,0.0,0.0,0.0,0.0,0.0,0.0,0.0,0.0,0.0,0.0,0
1785981697,4061460,100.0,-1.7199743429767054,-1.7038052717791956,-1.1326897780047815,-4.617770854626791,-4.890339676533834,0.6930350065231323,0.0,-0.0,0.0,0.0,0.0,0.0,0.0,0.0,0.0,0.0,0.0,0.0,0
1785981697,24179458,100.0,-1.7199981848346155,-1.7038167158709925,-1.1326659361468714,-4.617710892354147,-4.890351716672079,0.6930469870567322,0.0,-0.0,0.0,0.0,0.0,0.0,0.0,0.0,0.0,0.0,0.0,0.0,0
1785981697,44078350,100.0,-1.7199624220477503,-1.703757111226217,-1.1327016989337366,-4.617746893559591,-4.890399638806478,0.693058967590332,0.0,-0.0,0.0,0.0,0.0,0.0,0.0,0.0,0.0,0.0,0.0,0.0,0
1785981697,64201831,100.0,-1.7199505011187952,-1.7037327925311487,-1.1327136198626917,-4.617746893559591,-4.890351716672079,0.6929990649223328,0.0,-0.0,0.0,0.0,0.0,0.0,0.0,0.0,0.0,0.0,0.0,0.0,0
1785981697,84101915,100.0,-1.7199505011187952,-1.7038167158709925,-1.1327255407916468,-4.617758814488546,-4.890423957501547,0.6930469870567322,0.0,-0.0,0.0,0.0,0.0,0.0,0.0,0.0,0.0,0.0,0.0,0.0,0
1785981697,104032754,100.0,-1.7199743429767054,-1.7037809530841272,-1.1326773802386683,-4.617770854626791,-4.890375677739279,0.6930110454559326,0.0,-0.0,0.0,0.0,0.0,0.0,0.0,0.0,0.0,0.0,0.0,0.0,0
1785981697,124013662,100.0,-1.7199981848346155,-1.7038052717791956,-1.1327016989337366,-4.617698971425192,-4.890363637601034,0.6930709481239319,0.0,-0.0,0.0,0.0,0.0,0.0,0.0,0.0,0.0,0.0,0.0,0.0,0
1785981697,144056797,100.0,-1.7199862639056605,-1.7037690321551722,-1.1326897780047815,-4.617722932492391,-4.890351716672079,0.6929990649223328,0.0,-0.0,0.0,0.0,0.0,0.0,0.0,0.0,0.0,0.0,0.0,0.0,0
1785981697,164092302,100.0,-1.7199505011187952,-1.7037928740130823,-1.1327136198626917,-4.617746893559591,-4.890339676533834,0.693058967590332,0.0,-0.0,0.0,0.0,0.0,0.0,0.0,0.0,0.0,0.0,0.0,0.0,0
1785981697,184638023,100.0,-1.7199385801898401,-1.7038052717791956,-1.132749382649557,-4.617770854626791,-4.890387598668234,0.6929870843887329,0.0,-0.0,0.0,0.0,0.0,0.0,0.0,0.0,0.0,0.0,0.0,0.0,0
1785981697,204015016,100.0,-1.7199505011187952,-1.7038052717791956,-1.1327136198626917,-4.617722932492391,-4.890363637601034,0.6930230259895325,0.0,-0.0,0.0,0.0,0.0,0.0,0.0,0.0,0.0,0.0,0.0,0.0,0
1785981697,223913192,100.0,-1.7199743429767054,-1.7038052717791956,-1.1326420942889612,-4.617722932492391,-4.890375677739279,0.693058967590332,0.0,-0.0,0.0,0.0,0.0,0.0,0.0,0.0,0.0,0.0,0.0,0.0,0
1785981697,244023799,100.0,-1.7199624220477503,-1.703745190297262,-1.1327136198626917,-4.617758814488546,-4.890351716672079,0.6929990649223328,0.0,-0.0,0.0,0.0,0.0,0.0,0.0,0.0,0.0,0.0,0.0,0.0,0
1785981697,264509201,100.0,-1.7199624220477503,-1.7037928740130823,-1.1327016989337366,-4.617770854626791,-4.890351716672079,0.6930230259895325,0.0,-0.0,0.0,0.0,0.0,0.0,0.0,0.0,0.0,0.0,0.0,0.0,0
1785981697,284134626,100.0,-1.7199624220477503,-1.7037690321551722,-1.1327136198626917,-4.617758814488546,-4.890363637601034,0.6929990649223328,0.0,-0.0,0.0,0.0,0.0,0.0,0.0,0.0,0.0,0.0,0.0,0.0,0
1785981697,304211616,100.0,-1.71991473833193,-1.7037327925311487,-1.1326773802386683,-4.617722932492391,-4.890351716672079,0.693058967590332,0.0,-0.0,0.0,0.0,0.0,0.0,0.0,0.0,0.0,0.0,0.0,0.0,0
1785981697,324032306,100.0,-1.7199862639056605,-1.703757111226217,-1.1327374617206019,-4.6177348534213465,-4.890399638806478,0.6930469870567322,0.0,-0.0,0.0,0.0,0.0,0.0,0.0,0.0,0.0,0.0,0.0,0.0,0
1785981697,344024658,100.0,-1.7199385801898401,-1.7037809530841272,-1.1326897780047815,-4.617710892354147,-4.890351716672079,0.6930469870567322,0.0,-0.0,0.0,0.0,0.0,0.0,0.0,0.0,0.0,0.0,0.0,0.0,0
1785981697,364135265,100.0,-1.7199624220477503,-1.7037809530841272,-1.1327016989337366,-4.6177948156939905,-4.890399638806478,0.6930350065231323,0.0,-0.0,0.0,0.0,0.0,0.0,0.0,0.0,0.0,0.0,0.0,0.0,0
1785981697,383831024,100.0,-1.7200105826007288,-1.7037690321551722,-1.1327136198626917,-4.617758814488546,-4.890363637601034,0.6929631233215332,0.0,-0.0,0.0,0.0,0.0,0.0,0.0,0.0,0.0,0.0,0.0,0.0,0
1785981697,404105663,100.0,-1.71991473833193,-1.703757111226217,-1.1326659361468714,-4.6177348534213465,-4.890399638806478,0.693058967590332,0.0,-0.0,0.0,0.0,0.0,0.0,0.0,0.0,0.0,0.0,0.0,0.0,0
1785981697,423877477,100.0,-1.7199624220477503,-1.7037928740130823,-1.1326420942889612,-4.617686931286947,-4.890387598668234,0.6930110454559326,0.0,-0.0,0.0,0.0,0.0,0.0,0.0,0.0,0.0,0.0,0.0,0.0,0
1785981697,444087743,100.0,-1.7199862639056605,-1.7037928740130823,-1.1327374617206019,-4.617746893559591,-4.890375677739279,0.6930110454559326,0.0,-0.0,0.0,0.0,0.0,0.0,0.0,0.0,0.0,0.0,0.0,0.0,0
1785981697,464148521,100.0,-1.7199862639056605,-1.7038167158709925,-1.1326897780047815,-4.617770854626791,-4.890399638806478,0.6930230259895325,0.0,-0.0,0.0,0.0,0.0,0.0,0.0,0.0,0.0,0.0,0.0,0.0,0
1785981697,484103441,100.0,-1.7199743429767054,-1.7037690321551722,-1.1327016989337366,-4.6177828947650355,-4.890399638806478,0.6929751038551331,0.0,-0.0,0.0,0.0,0.0,0.0,0.0,0.0,0.0,0.0,0.0,0.0,0
1785981697,504417896,100.0,-1.7199624220477503,-1.7037809530841272,-1.1327255407916468,-4.617710892354147,-4.890399638806478,0.6930469870567322,0.0,-0.0,0.0,0.0,0.0,0.0,0.0,0.0,0.0,0.0,0.0,0.0,0
1785981697,524153709,100.0,-1.71991473833193,-1.7037809530841272,-1.1327016989337366,-4.617758814488546,-4.890351716672079,0.6930110454559326,0.0,-0.0,0.0,0.0,0.0,0.0,0.0,0.0,0.0,0.0,0.0,0.0,0
1785981697,544295787,100.0,-1.7199385801898401,-1.7038291136371058,-1.1327374617206019,-4.617710892354147,-4.890351716672079,0.6930230259895325,0.0,-0.0,0.0,0.0,0.0,0.0,0.0,0.0,0.0,0.0,0.0,0.0,0
1785981697,564011096,100.0,-1.7199505011187952,-1.7037690321551722,-1.1327737013446253,-4.617746893559591,-4.890399638806478,0.6930110454559326,0.0,-0.0,0.0,0.0,0.0,0.0,0.0,0.0,0.0,0.0,0.0,0.0,0
1785981697,584157705,100.0,-1.7199505011187952,-1.7037809530841272,-1.1326659361468714,-4.6177348534213465,-4.890363637601034,0.6930110454559326,0.0,-0.0,0.0,0.0,0.0,0.0,0.0,0.0,0.0,0.0,0.0,0.0,0
1785981697,604086160,100.0,-1.7199743429767054,-1.7038291136371058,-1.1327136198626917,-4.6177348534213465,-4.890399638806478,0.6930230259895325,0.0,-0.0,0.0,0.0,0.0,0.0,0.0,0.0,0.0,0.0,0.0,0.0,0
1785981697,623947381,100.0,-1.7199743429767054,-1.7038052717791956,-1.1326897780047815,-4.617746893559591,-4.890363637601034,0.6930110454559326,0.0,-0.0,0.0,0.0,0.0,0.0,0.0,0.0,0.0,0.0,0.0,0.0,0
1785981697,644000768,100.0,-1.7199023405658167,-1.7037809530841272,-1.1326659361468714,-4.617710892354147,-4.890375677739279,0.6930469870567322,0.0,-0.0,0.0,0.0,0.0,0.0,0.0,0.0,0.0,0.0,0.0,0.0,0
1785981697,664151191,100.0,-1.7199505011187952,-1.7038052717791956,-1.1326773802386683,-4.617770854626791,-4.890375677739279,0.6930230259895325,0.0,-0.0,0.0,0.0,0.0,0.0,0.0,0.0,0.0,0.0,0.0,0.0,0
1785981697,684136390,100.0,-1.719926659260885,-1.7038167158709925,-1.1327136198626917,-4.617710892354147,-4.890351716672079,0.6929870843887329,0.0,-0.0,0.0,0.0,0.0,0.0,0.0,0.0,0.0,0.0,0.0,0.0,0
1785981697,704510927,100.0,-1.7199385801898401,-1.703745190297262,-1.1326659361468714,-4.617722932492391,-4.890423957501547,0.6929990649223328,0.0,-0.0,0.0,0.0,0.0,0.0,0.0,0.0,0.0,0.0,0.0,0.0,0
1785981697,724151134,100.0,-1.7199743429767054,-1.7037690321551722,-1.1326897780047815,-4.617758814488546,-4.890327755604879,0.6930469870567322,0.0,-0.0,0.0,0.0,0.0,0.0,0.0,0.0,0.0,0.0,0.0,0.0,0
1785981697,744153261,100.0,-1.7199385801898401,-1.7037690321551722,-1.1326659361468714,-4.617758814488546,-4.890351716672079,0.6929870843887329,0.0,-0.0,0.0,0.0,0.0,0.0,0.0,0.0,0.0,0.0,0.0,0.0,0
1785981697,764065504,100.0,-1.71991473833193,-1.7038052717791956,-1.1327136198626917,-4.617758814488546,-4.890375677739279,0.693058967590332,0.0,-0.0,0.0,0.0,0.0,0.0,0.0,0.0,0.0,0.0,0.0,0.0,0
1785981697,784248113,100.0,-1.7199385801898401,-1.7037928740130823,-1.1326897780047815,-4.617686931286947,-4.890387598668234,0.6930469870567322,0.0,-0.0,0.0,0.0,0.0,0.0,0.0,0.0,0.0,0.0,0.0,0.0,0
1785981697,804039001,100.0,-1.7199505011187952,-1.7038052717791956,-1.1327016989337366,-4.617698971425192,-4.890375677739279,0.6930230259895325,0.0,-0.0,0.0,0.0,0.0,0.0,0.0,0.0,0.0,0.0,0.0,0.0,0
1785981697,824358463,100.0,-1.7199385801898401,-1.7037928740130823,-1.1327136198626917,-4.617686931286947,-4.890399638806478,0.6929631233215332,0.0,-0.0,0.0,0.0,0.0,0.0,0.0,0.0,0.0,0.0,0.0,0.0,0
1785981697,844040870,100.0,-1.7199385801898401,-1.703757111226217,-1.1327374617206019,-4.6177348534213465,-4.890375677739279,0.6930350065231323,0.0,-0.0,0.0,0.0,0.0,0.0,0.0,0.0,0.0,0.0,0.0,0.0,0
1785981697,864167213,100.0,-1.7199743429767054,-1.7037690321551722,-1.1327255407916468,-4.617722932492391,-4.890412036572592,0.6929990649223328,0.0,-0.0,0.0,0.0,0.0,0.0,0.0,0.0,0.0,0.0,0.0,0.0,0
1785981697,884141921,100.0,-1.7199624220477503,-1.703745190297262,-1.1326659361468714,-4.617746893559591,-4.890399638806478,0.6929990649223328,0.0,-0.0,0.0,0.0,0.0,0.0,0.0,0.0,0.0,0.0,0.0,0.0,0
1785981697,903988361,100.0,-1.7199505011187952,-1.7037928740130823,-1.1327255407916468,-4.617770854626791,-4.890387598668234,0.6930230259895325,0.0,-0.0,0.0,0.0,0.0,0.0,0.0,0.0,0.0,0.0,0.0,0.0,0
1785981697,924119949,100.0,-1.7199385801898401,-1.7037690321551722,-1.1327374617206019,-4.6177348534213465,-4.890412036572592,0.6930110454559326,0.0,-0.0,0.0,0.0,0.0,0.0,0.0,0.0,0.0,0.0,0.0,0.0,0
1785981697,944468021,100.0,-1.7199505011187952,-1.7037690321551722,-1.1327016989337366,-4.617722932492391,-4.890387598668234,0.6930350065231323,0.0,-0.0,0.0,0.0,0.0,0.0,0.0,0.0,0.0,0.0,0.0,0.0,0
1785981697,964066267,100.0,-1.7199624220477503,-1.703745190297262,-1.1326897780047815,-4.6177348534213465,-4.890351716672079,0.6930350065231323,0.0,-0.0,0.0,0.0,0.0,0.0,0.0,0.0,0.0,0.0,0.0,0.0,0
1785981697,984156370,100.0,-1.7199505011187952,-1.7037690321551722,-1.1327255407916468,-4.617758814488546,-4.890399638806478,0.6930469870567322,0.0,-0.0,0.0,0.0,0.0,0.0,0.0,0.0,0.0,0.0,0.0,0.0,0
1785981698,4024982,100.0,-1.7199624220477503,-1.7037690321551722,-1.1327255407916468,-4.617722932492391,-4.890339676533834,0.6930110454559326,0.0,-0.0,0.0,0.0,0.0,0.0,0.0,0.0,0.0,0.0,0.0,0.0,0
1785981698,23982763,100.0,-1.7199505011187952,-1.703757111226217,-1.132749382649557,-4.617746893559591,-4.890363637601034,0.6930469870567322,0.0,-0.0,0.0,0.0,0.0,0.0,0.0,0.0,0.0,0.0,0.0,0.0,0
1785981698,44080495,100.0,-1.7199505011187952,-1.7037928740130823,-1.1327136198626917,-4.617806855832235,-4.890363637601034,0.6929870843887329,0.0,-0.0,0.0,0.0,0.0,0.0,0.0,0.0,0.0,0.0,0.0,0.0,0
1785981698,63961267,100.0,-1.7199505011187952,-1.703757111226217,-1.1327136198626917,-4.6177348534213465,-4.890387598668234,0.6929870843887329,0.0,-0.0,0.0,0.0,0.0,0.0,0.0,0.0,0.0,0.0,0.0,0.0,0
1785981698,84193468,100.0,-1.7199743429767054,-1.7037809530841272,-1.1327016989337366,-4.617758814488546,-4.890351716672079,0.693058967590332,0.0,-0.0,0.0,0.0,0.0,0.0,0.0,0.0,0.0,0.0,0.0,0.0,0
1785981698,103999376,100.0,-1.7199624220477503,-1.7038291136371058,-1.1326659361468714,-4.617746893559591,-4.890387598668234,0.6930469870567322,0.0,-0.0,0.0,0.0,0.0,0.0,0.0,0.0,0.0,0.0,0.0,0.0,0
1785981698,124070405,100.0,-1.7199981848346155,-1.703757111226217,-1.1326897780047815,-4.6177348534213465,-4.890412036572592,0.6930110454559326,0.0,-0.0,0.0,0.0,0.0,0.0,0.0,0.0,0.0,0.0,0.0,0.0,0
1785981698,144201755,100.0,-1.7199743429767054,-1.7037928740130823,-1.1326773802386683,-4.617710892354147,-4.890399638806478,0.6930350065231323,0.0,-0.0,0.0,0.0,0.0,0.0,0.0,0.0,0.0,0.0,0.0,0.0,0
1785981698,164089918,100.0,-1.719926659260885,-1.7037690321551722,-1.1326773802386683,-4.617710892354147,-4.890399638806478,0.6930350065231323,0.0,-0.0,0.0,0.0,0.0,0.0,0.0,0.0,0.0,0.0,0.0,0.0,0
1785981698,184489250,100.0,-1.7199505011187952,-1.7038167158709925,-1.1327016989337366,-4.617698971425192,-4.890412036572592,0.6930709481239319,0.0,-0.0,0.0,0.0,0.0,0.0,0.0,0.0,0.0,0.0,0.0,0.0,0
1785981698,204103469,100.0,-1.7199862639056605,-1.7037928740130823,-1.1327374617206019,-4.617758814488546,-4.890351716672079,0.6930469870567322,0.0,-0.0,0.0,0.0,0.0,0.0,0.0,0.0,0.0,0.0,0.0,0.0,0
1785981698,223956584,100.0,-1.7199505011187952,-1.7037809530841272,-1.1327016989337366,-4.617698971425192,-4.890387598668234,0.6929990649223328,0.0,-0.0,0.0,0.0,0.0,0.0,0.0,0.0,0.0,0.0,0.0,0.0,0
1785981698,244088888,100.0,-1.7199023405658167,-1.7038052717791956,-1.1327136198626917,-4.617770854626791,-4.890387598668234,0.6929990649223328,0.0,-0.0,0.0,0.0,0.0,0.0,0.0,0.0,0.0,0.0,0.0,0.0,0
1785981698,264025449,100.0,-1.7199505011187952,-1.7038052717791956,-1.1327255407916468,-4.617746893559591,-4.890387598668234,0.6930110454559326,0.0,-0.0,0.0,0.0,0.0,0.0,0.0,0.0,0.0,0.0,0.0,0.0,0
1785981698,284127473,100.0,-1.7199505011187952,-1.703757111226217,-1.1327016989337366,-4.617758814488546,-4.890363637601034,0.6930469870567322,0.0,-0.0,0.0,0.0,0.0,0.0,0.0,0.0,0.0,0.0,0.0,0.0,0
1785981698,304184436,100.0,-1.7199505011187952,-1.7037928740130823,-1.1326897780047815,-4.617746893559591,-4.890412036572592,0.6929990649223328,0.0,-0.0,0.0,0.0,0.0,0.0,0.0,0.0,0.0,0.0,0.0,0.0,0
1785981698,324093580,100.0,-1.7199862639056605,-1.7037809530841272,-1.1327016989337366,-4.617746893559591,-4.890399638806478,0.693058967590332,0.0,-0.0,0.0,0.0,0.0,0.0,0.0,0.0,0.0,0.0,0.0,0.0,0
1785981698,343898773,100.0,-1.7199743429767054,-1.7038291136371058,-1.1327136198626917,-4.6177828947650355,-4.890363637601034,0.6930469870567322,0.0,-0.0,0.0,0.0,0.0,0.0,0.0,0.0,0.0,0.0,0.0,0.0,0
1785981698,364131689,100.0,-1.7199505011187952,-1.7038410345660608,-1.1326773802386683,-4.617746893559591,-4.890339676533834,0.6929990649223328,0.0,-0.0,0.0,0.0,0.0,0.0,0.0,0.0,0.0,0.0,0.0,0.0,0
1785981698,383986473,100.0,-1.719926659260885,-1.703757111226217,-1.1327136198626917,-4.6177348534213465,-4.890363637601034,0.6930230259895325,0.0,-0.0,0.0,0.0,0.0,0.0,0.0,0.0,0.0,0.0,0.0,0.0,0
1785981698,404149293,100.0,-1.7199981848346155,-1.703757111226217,-1.1327255407916468,-4.6177348534213465,-4.890363637601034,0.6930110454559326,0.0,-0.0,0.0,0.0,0.0,0.0,0.0,0.0,0.0,0.0,0.0,0.0,0
1785981698,424098014,100.0,-1.7199862639056605,-1.7037809530841272,-1.1327255407916468,-4.6177348534213465,-4.890387598668234,0.6930230259895325,0.0,-0.0,0.0,0.0,0.0,0.0,0.0,0.0,0.0,0.0,0.0,0.0,0
1785981698,444058895,100.0,-1.7199624220477503,-1.7037809530841272,-1.132749382649557,-4.6177948156939905,-4.890351716672079,0.6930469870567322,0.0,-0.0,0.0,0.0,0.0,0.0,0.0,0.0,0.0,0.0,0.0,0.0,0
1785981698,463995218,100.0,-1.7199624220477503,-1.703852955495016,-1.1327016989337366,-4.617746893559591,-4.890423957501547,0.6930110454559326,0.0,-0.0,0.0,0.0,0.0,0.0,0.0,0.0,0.0,0.0,0.0,0.0,0
1785981698,484093427,100.0,-1.71991473833193,-1.7037809530841272,-1.1327016989337366,-4.6177348534213465,-4.890387598668234,0.6930350065231323,0.0,-0.0,0.0,0.0,0.0,0.0,0.0,0.0,0.0,0.0,0.0,0.0,0
1785981698,504240751,100.0,-1.719926659260885,-1.7037690321551722,-1.1327255407916468,-4.617722932492391,-4.890327755604879,0.6930350065231323,0.0,-0.0,0.0,0.0,0.0,0.0,0.0,0.0,0.0,0.0,0.0,0.0,0
1785981698,524109601,100.0,-1.7199743429767054,-1.7037809530841272,-1.1326897780047815,-4.617758814488546,-4.890387598668234,0.6930230259895325,0.0,-0.0,0.0,0.0,0.0,0.0,0.0,0.0,0.0,0.0,0.0,0.0,0
1785981698,544440269,100.0,-1.7199624220477503,-1.7038167158709925,-1.1327016989337366,-4.6177948156939905,-4.890423957501547,0.6929870843887329,0.0,-0.0,0.0,0.0,0.0,0.0,0.0,0.0,0.0,0.0,0.0,0.0,0
1785981698,564113855,100.0,-1.7199743429767054,-1.7037928740130823,-1.1326897780047815,-4.617758814488546,-4.890387598668234,0.6929870843887329,0.0,-0.0,0.0,0.0,0.0,0.0,0.0,0.0,0.0,0.0,0.0,0.0,0
1785981698,584464073,100.0,-1.7199624220477503,-1.7037809530841272,-1.1327136198626917,-4.617746893559591,-4.890423957501547,0.6930350065231323,0.0,-0.0,0.0,0.0,0.0,0.0,0.0,0.0,0.0,0.0,0.0,0.0,0
1785981698,604118824,100.0,-1.7199023405658167,-1.7038167158709925,-1.1327136198626917,-4.617770854626791,-4.890399638806478,0.6930230259895325,0.0,-0.0,0.0,0.0,0.0,0.0,0.0,0.0,0.0,0.0,0.0,0.0,0
1785981698,624476671,100.0,-1.7199862639056605,-1.7038167158709925,-1.1327374617206019,-4.6177828947650355,-4.890423957501547,0.6930469870567322,0.0,-0.0,0.0,0.0,0.0,0.0,0.0,0.0,0.0,0.0,0.0,0.0,0
1785981698,644056320,100.0,-1.7199624220477503,-1.703757111226217,-1.1326897780047815,-4.617722932492391,-4.890399638806478,0.6929990649223328,0.0,-0.0,0.0,0.0,0.0,0.0,0.0,0.0,0.0,0.0,0.0,0.0,0
1785981698,664412021,100.0,-1.7199743429767054,-1.7037928740130823,-1.1327136198626917,-4.617758814488546,-4.890387598668234,0.6930709481239319,0.0,-0.0,0.0,0.0,0.0,0.0,0.0,0.0,0.0,0.0,0.0,0.0,0
1785981698,684103250,100.0,-1.7199505011187952,-1.7037809530841272,-1.1327136198626917,-4.617686931286947,-4.890387598668234,0.6930469870567322,0.0,-0.0,0.0,0.0,0.0,0.0,0.0,0.0,0.0,0.0,0.0,0.0,0
1785981698,704483509,100.0,-1.7199505011187952,-1.7037928740130823,-1.1327374617206019,-4.617746893559591,-4.890363637601034,0.6929751038551331,0.0,-0.0,0.0,0.0,0.0,0.0,0.0,0.0,0.0,0.0,0.0,0.0,0
1785981698,724033117,100.0,-1.7199862639056605,-1.7037809530841272,-1.1326659361468714,-4.6177348534213465,-4.890375677739279,0.6930350065231323,0.0,-0.0,0.0,0.0,0.0,0.0,0.0,0.0,0.0,0.0,0.0,0.0,0
1785981698,744017839,100.0,-1.7199624220477503,-1.7038291136371058,-1.1327255407916468,-4.617758814488546,-4.890339676533834,0.6929751038551331,0.0,-0.0,0.0,0.0,0.0,0.0,0.0,0.0,0.0,0.0,0.0,0.0,0
1785981698,764141082,100.0,-1.7199385801898401,-1.7038052717791956,-1.1326773802386683,-4.6177348534213465,-4.890387598668234,0.6929990649223328,0.0,-0.0,0.0,0.0,0.0,0.0,0.0,0.0,0.0,0.0,0.0,0.0,0
1785981698,784134864,100.0,-1.7199505011187952,-1.703745190297262,-1.1327255407916468,-4.617710892354147,-4.890339676533834,0.6930110454559326,0.0,-0.0,0.0,0.0,0.0,0.0,0.0,0.0,0.0,0.0,0.0,0.0,0
1785981698,804388523,100.0,-1.7199624220477503,-1.7038052717791956,-1.1326659361468714,-4.617710892354147,-4.890351716672079,0.6930350065231323,0.0,-0.0,0.0,0.0,0.0,0.0,0.0,0.0,0.0,0.0,0.0,0.0,0
1785981698,823947191,100.0,-1.7199505011187952,-1.7038167158709925,-1.1327016989337366,-4.6177348534213465,-4.890387598668234,0.6930110454559326,0.0,-0.0,0.0,0.0,0.0,0.0,0.0,0.0,0.0,0.0,0.0,0.0,0
1785981698,844065427,100.0,-1.7199385801898401,-1.7037690321551722,-1.1327374617206019,-4.617770854626791,-4.890351716672079,0.6929990649223328,0.0,-0.0,0.0,0.0,0.0,0.0,0.0,0.0,0.0,0.0,0.0,0.0,0
1785981698,864431858,100.0,-1.7199743429767054,-1.7037928740130823,-1.1327136198626917,-4.617710892354147,-4.890375677739279,0.6930230259895325,0.0,-0.0,0.0,0.0,0.0,0.0,0.0,0.0,0.0,0.0,0.0,0.0,0
1785981698,884081602,100.0,-1.7199624220477503,-1.703757111226217,-1.1327374617206019,-4.617746893559591,-4.890363637601034,0.693058967590332,0.0,-0.0,0.0,0.0,0.0,0.0,0.0,0.0,0.0,0.0,0.0,0.0,0
1785981698,904537916,100.0,-1.7199385801898401,-1.7037690321551722,-1.1327136198626917,-4.617746893559591,-4.890387598668234,0.6930230259895325,0.0,-0.0,0.0,0.0,0.0,0.0,0.0,0.0,0.0,0.0,0.0,0.0,0
1785981698,924050569,100.0,-1.7199862639056605,-1.703757111226217,-1.1327136198626917,-4.617722932492391,-4.890412036572592,0.6929990649223328,0.0,-0.0,0.0,0.0,0.0,0.0,0.0,0.0,0.0,0.0,0.0,0.0,0
1785981698,944440126,100.0,-1.71991473833193,-1.7037690321551722,-1.1326897780047815,-4.617746893559591,-4.890412036572592,0.6930350065231323,0.0,-0.0,0.0,0.0,0.0,0.0,0.0,0.0,0.0,0.0,0.0,0.0,0
1785981698,964079380,100.0,-1.7199862639056605,-1.7038052717791956,-1.1326659361468714,-4.617758814488546,-4.890387598668234,0.6930230259895325,0.0,-0.0,0.0,0.0,0.0,0.0,0.0,0.0,0.0,0.0,0.0,0.0,0
1785981698,984185695,100.0,-1.7199624220477503,-1.7037690321551722,-1.1327255407916468,-4.6177348534213465,-4.890363637601034,0.6930350065231323,0.0,-0.0,0.0,0.0,0.0,0.0,0.0,0.0,0.0,0.0,0.0,0.0,0
1785981699,4128932,100.0,-1.7199385801898401,-1.7037809530841272,-1.1327136198626917,-4.6177348534213465,-4.890399638806478,0.6930469870567322,0.0,-0.0,0.0,0.0,0.0,0.0,0.0,0.0,0.0,0.0,0.0,0.0,0
1785981699,24144887,100.0,-1.719926659260885,-1.7038167158709925,-1.1326659361468714,-4.6177348534213465,-4.890387598668234,0.6930110454559326,0.0,-0.0,0.0,0.0,0.0,0.0,0.0,0.0,0.0,0.0,0.0,0.0,0
1785981699,44291257,100.0,-1.719926659260885,-1.7037809530841272,-1.1326897780047815,-4.6177348534213465,-4.890363637601034,0.6930350065231323,0.0,-0.0,0.0,0.0,0.0,0.0,0.0,0.0,0.0,0.0,0.0,0.0,0
1785981699,63843250,100.0,-1.7199743429767054,-1.7037089506732386,-1.1326897780047815,-4.617770854626791,-4.890363637601034,0.6929990649223328,0.0,-0.0,0.0,0.0,0.0,0.0,0.0,0.0,0.0,0.0,0.0,0.0,0
1785981699,84248304,100.0,-1.7199743429767054,-1.7038052717791956,-1.1327016989337366,-4.617758814488546,-4.890387598668234,0.6930469870567322,0.0,-0.0,0.0,0.0,0.0,0.0,0.0,0.0,0.0,0.0,0.0,0.0,0
1785981699,104280948,100.0,-1.7199385801898401,-1.7038052717791956,-1.1327136198626917,-4.617722932492391,-4.890412036572592,0.6930350065231323,0.0,-0.0,0.0,0.0,0.0,0.0,0.0,0.0,0.0,0.0,0.0,0.0,0
1785981699,124036073,100.0,-1.7199624220477503,-1.7037928740130823,-1.1326420942889612,-4.6177348534213465,-4.890412036572592,0.6930350065231323,0.0,-0.0,0.0,0.0,0.0,0.0,0.0,0.0,0.0,0.0,0.0,0.0,0
1785981699,144100189,100.0,-1.7199624220477503,-1.7038291136371058,-1.1326773802386683,-4.6177348534213465,-4.890375677739279,0.6930110454559326,0.0,-0.0,0.0,0.0,0.0,0.0,0.0,0.0,0.0,0.0,0.0,0.0,0
1785981699,164076089,100.0,-1.7199624220477503,-1.7038410345660608,-1.1327016989337366,-4.617758814488546,-4.890423957501547,0.6930230259895325,0.0,-0.0,0.0,0.0,0.0,0.0,0.0,0.0,0.0,0.0,0.0,0.0,0
1785981699,184201240,100.0,-1.7200225035296839,-1.7038052717791956,-1.1326897780047815,-4.617710892354147,-4.890375677739279,0.693058967590332,0.0,-0.0,0.0,0.0,0.0,0.0,0.0,0.0,0.0,0.0,0.0,0.0,0
1785981699,204056739,100.0,-1.7199862639056605,-1.7037690321551722,-1.1326897780047815,-4.617710892354147,-4.890387598668234,0.6930230259895325,0.0,-0.0,0.0,0.0,0.0,0.0,0.0,0.0,0.0,0.0,0.0,0.0,0
1785981699,223924636,100.0,-1.7199505011187952,-1.7038167158709925,-1.1327255407916468,-4.617710892354147,-4.890351716672079,0.6930230259895325,0.0,-0.0,0.0,0.0,0.0,0.0,0.0,0.0,0.0,0.0,0.0,0.0,0
1785981699,244021177,100.0,-1.7199743429767054,-1.7037809530841272,-1.1326897780047815,-4.617770854626791,-4.890387598668234,0.6930350065231323,0.0,-0.0,0.0,0.0,0.0,0.0,0.0,0.0,0.0,0.0,0.0,0.0,0
1785981699,263998508,100.0,-1.7199743429767054,-1.703757111226217,-1.1327136198626917,-4.6177348534213465,-4.890399638806478,0.6930469870567322,0.0,-0.0,0.0,0.0,0.0,0.0,0.0,0.0,0.0,0.0,0.0,0.0,0
1785981699,284112453,100.0,-1.7200105826007288,-1.703757111226217,-1.1327016989337366,-4.617710892354147,-4.890375677739279,0.6930469870567322,0.0,-0.0,0.0,0.0,0.0,0.0,0.0,0.0,0.0,0.0,0.0,0.0,0
1785981699,304115295,100.0,-1.7199624220477503,-1.7038052717791956,-1.1327016989337366,-4.617746893559591,-4.890412036572592,0.6929870843887329,0.0,-0.0,0.0,0.0,0.0,0.0,0.0,0.0,0.0,0.0,0.0,0.0,0
1785981699,324119567,100.0,-1.719926659260885,-1.7037928740130823,-1.1327255407916468,-4.617758814488546,-4.890363637601034,0.6930709481239319,0.0,-0.0,0.0,0.0,0.0,0.0,0.0,0.0,0.0,0.0,0.0,0.0,0
1785981699,344074964,100.0,-1.7199624220477503,-1.7037928740130823,-1.1327016989337366,-4.617758814488546,-4.890339676533834,0.6930110454559326,0.0,-0.0,0.0,0.0,0.0,0.0,0.0,0.0,0.0,0.0,0.0,0.0,0
1785981699,364110708,100.0,-1.7199505011187952,-1.7038052717791956,-1.1326773802386683,-4.617770854626791,-4.890351716672079,0.6930709481239319,0.0,-0.0,0.0,0.0,0.0,0.0,0.0,0.0,0.0,0.0,0.0,0.0,0
1785981699,384173154,100.0,-1.7199743429767054,-1.7037690321551722,-1.1326659361468714,-4.617758814488546,-4.890339676533834,0.6930709481239319,0.0,-0.0,0.0,0.0,0.0,0.0,0.0,0.0,0.0,0.0,0.0,0.0,0
1785981699,404032945,100.0,-1.7199505011187952,-1.7038410345660608,-1.1326897780047815,-4.617722932492391,-4.890412036572592,0.6930350065231323,0.0,-0.0,0.0,0.0,0.0,0.0,0.0,0.0,0.0,0.0,0.0,0.0,0
1785981699,424237489,100.0,-1.7199743429767054,-1.7037327925311487,-1.1326897780047815,-4.617746893559591,-4.890412036572592,0.6930230259895325,0.0,-0.0,0.0,0.0,0.0,0.0,0.0,0.0,0.0,0.0,0.0,0.0,0
1785981699,444056749,100.0,-1.71991473833193,-1.703757111226217,-1.1327016989337366,-4.617722932492391,-4.890399638806478,0.6929990649223328,0.0,-0.0,0.0,0.0,0.0,0.0,0.0,0.0,0.0,0.0,0.0,0.0,0
1785981699,463979244,100.0,-1.7199624220477503,-1.7037690321551722,-1.1327136198626917,-4.6177348534213465,-4.890363637601034,0.6929990649223328,0.0,-0.0,0.0,0.0,0.0,0.0,0.0,0.0,0.0,0.0,0.0,0.0,0
1785981699,484170913,100.0,-1.7199624220477503,-1.7038410345660608,-1.1327255407916468,-4.6177828947650355,-4.890399638806478,0.6930350065231323,0.0,-0.0,0.0,0.0,0.0,0.0,0.0,0.0,0.0,0.0,0.0,0.0,0
1785981699,503984451,100.0,-1.7199624220477503,-1.7037690321551722,-1.1326773802386683,-4.617746893559591,-4.890363637601034,0.6930469870567322,0.0,-0.0,0.0,0.0,0.0,0.0,0.0,0.0,0.0,0.0,0.0,0.0,0
1785981699,524167776,100.0,-1.7199862639056605,-1.7037690321551722,-1.1326659361468714,-4.617758814488546,-4.890375677739279,0.6929990649223328,0.0,-0.0,0.0,0.0,0.0,0.0,0.0,0.0,0.0,0.0,0.0,0.0,0
1785981699,544114112,100.0,-1.7199981848346155,-1.7038291136371058,-1.1326540152179163,-4.6177348534213465,-4.890387598668234,0.693058967590332,0.0,-0.0,0.0,0.0,0.0,0.0,0.0,0.0,0.0,0.0,0.0,0.0,0
1785981699,564140319,100.0,-1.7199624220477503,-1.7037690321551722,-1.1327136198626917,-4.617746893559591,-4.890363637601034,0.6930350065231323,0.0,-0.0,0.0,0.0,0.0,0.0,0.0,0.0,0.0,0.0,0.0,0.0,0
1785981699,584237575,100.0,-1.7199624220477503,-1.7037690321551722,-1.1326773802386683,-4.617722932492391,-4.890351716672079,0.6930110454559326,0.0,-0.0,0.0,0.0,0.0,0.0,0.0,0.0,0.0,0.0,0.0,0.0,0
1785981699,604146957,100.0,-1.7199862639056605,-1.7037928740130823,-1.1327255407916468,-4.617710892354147,-4.890412036572592,0.6929990649223328,0.0,-0.0,0.0,0.0,0.0,0.0,0.0,0.0,0.0,0.0,0.0,0.0,0
1785981699,624147891,100.0,-1.7199743429767054,-1.7037690321551722,-1.1327016989337366,-4.617770854626791,-4.890387598668234,0.6930469870567322,0.0,-0.0,0.0,0.0,0.0,0.0,0.0,0.0,0.0,0.0,0.0,0.0,0
1785981699,644043922,100.0,-1.7199743429767054,-1.7038052717791956,-1.1326659361468714,-4.617698971425192,-4.890399638806478,0.6930230259895325,0.0,-0.0,0.0,0.0,0.0,0.0,0.0,0.0,0.0,0.0,0.0,0.0,0
1785981699,664224863,100.0,-1.7199385801898401,-1.7037809530841272,-1.1326897780047815,-4.617746893559591,-4.890399638806478,0.6930230259895325,0.0,-0.0,0.0,0.0,0.0,0.0,0.0,0.0,0.0,0.0,0.0,0.0,0
1785981699,684146165,100.0,-1.7199743429767054,-1.7037690321551722,-1.1327136198626917,-4.6177828947650355,-4.890387598668234,0.6929870843887329,0.0,-0.0,0.0,0.0,0.0,0.0,0.0,0.0,0.0,0.0,0.0,0.0,0
1785981699,703996896,100.0,-1.7199981848346155,-1.7037690321551722,-1.1327016989337366,-4.6177348534213465,-4.890351716672079,0.6929990649223328,0.0,-0.0,0.0,0.0,0.0,0.0,0.0,0.0,0.0,0.0,0.0,0.0,0
1785981699,724093675,100.0,-1.7199981848346155,-1.7037928740130823,-1.1327136198626917,-4.617758814488546,-4.890351716672079,0.693058967590332,0.0,-0.0,0.0,0.0,0.0,0.0,0.0,0.0,0.0,0.0,0.0,0.0,0
1785981699,744126558,100.0,-1.7199624220477503,-1.7037690321551722,-1.1327255407916468,-4.617758814488546,-4.890387598668234,0.6929990649223328,0.0,-0.0,0.0,0.0,0.0,0.0,0.0,0.0,0.0,0.0,0.0,0.0,0
1785981699,764107465,100.0,-1.7199624220477503,-1.7038167158709925,-1.1327136198626917,-4.617722932492391,-4.890412036572592,0.6930110454559326,0.0,-0.0,0.0,0.0,0.0,0.0,0.0,0.0,0.0,0.0,0.0,0.0,0
1785981699,784123659,100.0,-1.7199385801898401,-1.7037690321551722,-1.132749382649557,-4.617758814488546,-4.890351716672079,0.6930230259895325,0.0,-0.0,0.0,0.0,0.0,0.0,0.0,0.0,0.0,0.0,0.0,0.0,0
1785981699,804038763,100.0,-1.7199862639056605,-1.7037928740130823,-1.1327016989337366,-4.6177348534213465,-4.890399638806478,0.693058967590332,0.0,-0.0,0.0,0.0,0.0,0.0,0.0,0.0,0.0,0.0,0.0,0.0,0
1785981699,823935747,100.0,-1.7199385801898401,-1.7038410345660608,-1.1326659361468714,-4.617710892354147,-4.890387598668234,0.6930350065231323,0.0,-0.0,0.0,0.0,0.0,0.0,0.0,0.0,0.0,0.0,0.0,0.0,0
1785981699,844085693,100.0,-1.71991473833193,-1.7038167158709925,-1.1326659361468714,-4.617770854626791,-4.890399638806478,0.6930110454559326,0.0,-0.0,0.0,0.0,0.0,0.0,0.0,0.0,0.0,0.0,0.0,0.0,0
1785981699,864160299,100.0,-1.7199385801898401,-1.7038167158709925,-1.1327136198626917,-4.617698971425192,-4.890375677739279,0.6929751038551331,0.0,-0.0,0.0,0.0,0.0,0.0,0.0,0.0,0.0,0.0,0.0,0.0,0
1785981699,884124517,100.0,-1.719926659260885,-1.7037690321551722,-1.1327016989337366,-4.6177348534213465,-4.890375677739279,0.6930469870567322,0.0,-0.0,0.0,0.0,0.0,0.0,0.0,0.0,0.0,0.0,0.0,0.0,0
1785981699,904098272,100.0,-1.719926659260885,-1.7038167158709925,-1.1326773802386683,-4.617746893559591,-4.890351716672079,0.6930350065231323,0.0,-0.0,0.0,0.0,0.0,0.0,0.0,0.0,0.0,0.0,0.0,0.0,0
1785981699,924157381,100.0,-1.7199624220477503,-1.7037690321551722,-1.1326773802386683,-4.6177348534213465,-4.890363637601034,0.6930230259895325,0.0,-0.0,0.0,0.0,0.0,0.0,0.0,0.0,0.0,0.0,0.0,0.0,0
1785981699,944123029,100.0,-1.7199505011187952,-1.703852955495016,-1.1326897780047815,-4.6177828947650355,-4.890387598668234,0.6930110454559326,0.0,-0.0,0.0,0.0,0.0,0.0,0.0,0.0,0.0,0.0,0.0,0.0,0
1785981699,964379549,100.0,-1.7199981848346155,-1.7037809530841272,-1.1327255407916468,-4.617770854626791,-4.890351716672079,0.6930350065231323,0.0,-0.0,0.0,0.0,0.0,0.0,0.0,0.0,0.0,0.0,0.0,0.0,0
1785981699,984062194,100.0,-1.7199624220477503,-1.7037690321551722,-1.1327016989337366,-4.617806855832235,-4.890375677739279,0.6930110454559326,0.0,-0.0,0.0,0.0,0.0,0.0,0.0,0.0,0.0,0.0,0.0,0.0,0
1785981700,4135847,100.0,-1.7199743429767054,-1.7038291136371058,-1.1327016989337366,-4.617770854626791,-4.890375677739279,0.6930110454559326,0.0,-0.0,0.0,0.0,0.0,0.0,0.0,0.0,0.0,0.0,0.0,0.0,0
1785981700,24268865,100.0,-1.7199624220477503,-1.7037809530841272,-1.1326897780047815,-4.617722932492391,-4.890399638806478,0.6929870843887329,0.0,-0.0,0.0,0.0,0.0,0.0,0.0,0.0,0.0,0.0,0.0,0.0,0
1785981700,44013261,100.0,-1.7199624220477503,-1.7037690321551722,-1.1327016989337366,-4.617746893559591,-4.890327755604879,0.6930230259895325,0.0,-0.0,0.0,0.0,0.0,0.0,0.0,0.0,0.0,0.0,0.0,0.0,0
1785981700,64085245,100.0,-1.7199743429767054,-1.7038052717791956,-1.1327255407916468,-4.6177348534213465,-4.890363637601034,0.6930350065231323,0.0,-0.0,0.0,0.0,0.0,0.0,0.0,0.0,0.0,0.0,0.0,0.0,0
1785981700,84175586,100.0,-1.7199385801898401,-1.7038410345660608,-1.1326773802386683,-4.617746893559591,-4.890375677739279,0.6929990649223328,0.0,-0.0,0.0,0.0,0.0,0.0,0.0,0.0,0.0,0.0,0.0,0.0,0
1785981700,103934764,100.0,-1.7199385801898401,-1.7038167158709925,-1.1326897780047815,-4.6177348534213465,-4.890351716672079,0.6930469870567322,0.0,-0.0,0.0,0.0,0.0,0.0,0.0,0.0,0.0,0.0,0.0,0.0,0
1785981700,124061584,100.0,-1.7199023405658167,-1.7037809530841272,-1.1326897780047815,-4.617758814488546,-4.890375677739279,0.6930230259895325,0.0,-0.0,0.0,0.0,0.0,0.0,0.0,0.0,0.0,0.0,0.0,0.0,0
1785981700,144316196,100.0,-1.7199505011187952,-1.7037928740130823,-1.1327374617206019,-4.6177828947650355,-4.890375677739279,0.6930110454559326,0.0,-0.0,0.0,0.0,0.0,0.0,0.0,0.0,0.0,0.0,0.0,0.0,0
1785981700,164159297,100.0,-1.7199624220477503,-1.7037690321551722,-1.132749382649557,-4.617722932492391,-4.890375677739279,0.6930709481239319,0.0,-0.0,0.0,0.0,0.0,0.0,0.0,0.0,0.0,0.0,0.0,0.0,0
1785981700,183994770,100.0,-1.7199862639056605,-1.7038167158709925,-1.1327374617206019,-4.617770854626791,-4.890363637601034,0.6930110454559326,0.0,-0.0,0.0,0.0,0.0,0.0,0.0,0.0,0.0,0.0,0.0,0.0,0
1785981700,204075813,100.0,-1.7200105826007288,-1.7038052717791956,-1.1327255407916468,-4.617710892354147,-4.890423957501547,0.6930469870567322,0.0,-0.0,0.0,0.0,0.0,0.0,0.0,0.0,0.0,0.0,0.0,0.0,0
1785981700,224375963,100.0,-1.7199862639056605,-1.7037690321551722,-1.1326773802386683,-4.6177348534213465,-4.890399638806478,0.6930709481239319,0.0,-0.0,0.0,0.0,0.0,0.0,0.0,0.0,0.0,0.0,0.0,0.0,0
1785981700,244102239,100.0,-1.7200105826007288,-1.7038052717791956,-1.1326659361468714,-4.6177348534213465,-4.890351716672079,0.6930469870567322,0.0,-0.0,0.0,0.0,0.0,0.0,0.0,0.0,0.0,0.0,0.0,0.0,0
1785981700,264010429,100.0,-1.7199385801898401,-1.703745190297262,-1.1326897780047815,-4.617722932492391,-4.890375677739279,0.6929870843887329,0.0,-0.0,0.0,0.0,0.0,0.0,0.0,0.0,0.0,0.0,0.0,0.0,0
1785981700,284120798,100.0,-1.7199743429767054,-1.7037809530841272,-1.1326540152179163,-4.617758814488546,-4.890399638806478,0.6929990649223328,0.0,-0.0,0.0,0.0,0.0,0.0,0.0,0.0,0.0,0.0,0.0,0.0,0
1785981700,304091691,100.0,-1.7199981848346155,-1.7038052717791956,-1.1327136198626917,-4.617806855832235,-4.890375677739279,0.6930110454559326,0.0,-0.0,0.0,0.0,0.0,0.0,0.0,0.0,0.0,0.0,0.0,0.0,0
1785981700,324037075,100.0,-1.7199624220477503,-1.7037928740130823,-1.1327136198626917,-4.617722932492391,-4.890399638806478,0.6930230259895325,0.0,-0.0,0.0,0.0,0.0,0.0,0.0,0.0,0.0,0.0,0.0,0.0,0
1785981700,343991518,100.0,-1.7199743429767054,-1.7038052717791956,-1.1326659361468714,-4.617746893559591,-4.890375677739279,0.6930110454559326,0.0,-0.0,0.0,0.0,0.0,0.0,0.0,0.0,0.0,0.0,0.0,0.0,0
1785981700,364101409,100.0,-1.7200225035296839,-1.7037809530841272,-1.1326897780047815,-4.6177348534213465,-4.890399638806478,0.6929870843887329,0.0,-0.0,0.0,0.0,0.0,0.0,0.0,0.0,0.0,0.0,0.0,0.0,0
1785981700,384272098,100.0,-1.7199505011187952,-1.7038167158709925,-1.1326897780047815,-4.617722932492391,-4.890399638806478,0.693058967590332,0.0,-0.0,0.0,0.0,0.0,0.0,0.0,0.0,0.0,0.0,0.0,0.0,0
1785981700,404152393,100.0,-1.7199862639056605,-1.7037809530841272,-1.1327255407916468,-4.6177348534213465,-4.890375677739279,0.693058967590332,0.0,-0.0,0.0,0.0,0.0,0.0,0.0,0.0,0.0,0.0,0.0,0.0,0
1785981700,424312353,100.0,-1.7199505011187952,-1.7037809530841272,-1.1326773802386683,-4.617746893559591,-4.890351716672079,0.6930469870567322,0.0,-0.0,0.0,0.0,0.0,0.0,0.0,0.0,0.0,0.0,0.0,0.0,0
1785981700,444063186,100.0,-1.71991473833193,-1.7037690321551722,-1.1327255407916468,-4.617758814488546,-4.890423957501547,0.6930230259895325,0.0,-0.0,0.0,0.0,0.0,0.0,0.0,0.0,0.0,0.0,0.0,0.0,0
1785981700,464081048,100.0,-1.7199981848346155,-1.7038410345660608,-1.1326773802386683,-4.617770854626791,-4.890412036572592,0.6929751038551331,0.0,-0.0,0.0,0.0,0.0,0.0,0.0,0.0,0.0,0.0,0.0,0.0,0
1785981700,484106063,100.0,-1.7199624220477503,-1.7038167158709925,-1.1326897780047815,-4.617746893559591,-4.890375677739279,0.693058967590332,0.0,-0.0,0.0,0.0,0.0,0.0,0.0,0.0,0.0,0.0,0.0,0.0,0
1785981700,504163742,100.0,-1.7199385801898401,-1.7037928740130823,-1.1327136198626917,-4.617758814488546,-4.890339676533834,0.6929990649223328,0.0,-0.0,0.0,0.0,0.0,0.0,0.0,0.0,0.0,0.0,0.0,0.0,0
1785981700,524084806,100.0,-1.7199385801898401,-1.7037809530841272,-1.1326773802386683,-4.617770854626791,-4.890387598668234,0.693058967590332,0.0,-0.0,0.0,0.0,0.0,0.0,0.0,0.0,0.0,0.0,0.0,0.0,0
1785981700,544377326,100.0,-1.7199862639056605,-1.703757111226217,-1.1327016989337366,-4.617770854626791,-4.890351716672079,0.6930469870567322,0.0,-0.0,0.0,0.0,0.0,0.0,0.0,0.0,0.0,0.0,0.0,0.0,0
1785981700,564163684,100.0,-1.7199624220477503,-1.7038167158709925,-1.1326773802386683,-4.617746893559591,-4.890375677739279,0.6930829286575317,0.0,-0.0,0.0,0.0,0.0,0.0,0.0,0.0,0.0,0.0,0.0,0.0,0
1785981700,584941387,100.0,-1.7199385801898401,-1.7038167158709925,-1.1327136198626917,-4.617722932492391,-4.890399638806478,0.6929990649223328,0.0,-0.0,0.0,0.0,0.0,0.0,0.0,0.0,0.0,0.0,0.0,0.0,0
1785981700,604052066,100.0,-1.7199862639056605,-1.7038410345660608,-1.132749382649557,-4.617722932492391,-4.890399638806478,0.6930350065231323,0.0,-0.0,0.0,0.0,0.0,0.0,0.0,0.0,0.0,0.0,0.0,0.0,0
1785981700,624728918,100.0,-1.7200105826007288,-1.7038052717791956,-1.132749382649557,-4.617722932492391,-4.890351716672079,0.6930350065231323,0.0,-0.0,0.0,0.0,0.0,0.0,0.0,0.0,0.0,0.0,0.0,0.0,0
1785981700,644070863,100.0,-1.7199743429767054,-1.703745190297262,-1.1326897780047815,-4.617770854626791,-4.890363637601034,0.693058967590332,0.0,-0.0,0.0,0.0,0.0,0.0,0.0,0.0,0.0,0.0,0.0,0.0,0
1785981700,663902521,100.0,-1.7199624220477503,-1.7038052717791956,-1.1327374617206019,-4.617746893559591,-4.890375677739279,0.6930230259895325,0.0,-0.0,0.0,0.0,0.0,0.0,0.0,0.0,0.0,0.0,0.0,0.0,0
1785981700,684153318,100.0,-1.7199505011187952,-1.7038410345660608,-1.1327016989337366,-4.617758814488546,-4.890375677739279,0.6930469870567322,0.0,-0.0,0.0,0.0,0.0,0.0,0.0,0.0,0.0,0.0,0.0,0.0,0
1785981700,704303503,100.0,-1.7199385801898401,-1.7038291136371058,-1.1326773802386683,-4.6177348534213465,-4.890375677739279,0.6929990649223328,0.0,-0.0,0.0,0.0,0.0,0.0,0.0,0.0,0.0,0.0,0.0,0.0,0
1785981700,724138736,100.0,-1.7199624220477503,-1.7037928740130823,-1.1327136198626917,-4.6177348534213465,-4.890375677739279,0.693058967590332,0.0,-0.0,0.0,0.0,0.0,0.0,0.0,0.0,0.0,0.0,0.0,0.0,0
1785981700,744174003,100.0,-1.7199862639056605,-1.7038052717791956,-1.1327136198626917,-4.617746893559591,-4.890423957501547,0.6930469870567322,0.0,-0.0,0.0,0.0,0.0,0.0,0.0,0.0,0.0,0.0,0.0,0.0,0
1785981700,764063835,100.0,-1.7199981848346155,-1.7038410345660608,-1.1327136198626917,-4.6177948156939905,-4.890387598668234,0.6930110454559326,0.0,-0.0,0.0,0.0,0.0,0.0,0.0,0.0,0.0,0.0,0.0,0.0,0
1785981700,784109354,100.0,-1.7199743429767054,-1.7037928740130823,-1.1327136198626917,-4.617770854626791,-4.890412036572592,0.6930350065231323,0.0,-0.0,0.0,0.0,0.0,0.0,0.0,0.0,0.0,0.0,0.0,0.0,0
1785981700,804133415,100.0,-1.7199981848346155,-1.703745190297262,-1.1326773802386683,-4.617722932492391,-4.890399638806478,0.6929990649223328,0.0,-0.0,0.0,0.0,0.0,0.0,0.0,0.0,0.0,0.0,0.0,0.0,0
1785981700,824062824,100.0,-1.719926659260885,-1.7037809530841272,-1.1327016989337366,-4.617698971425192,-4.890351716672079,0.6929990649223328,0.0,-0.0,0.0,0.0,0.0,0.0,0.0,0.0,0.0,0.0,0.0,0.0,0
1785981700,844012975,100.0,-1.7199385801898401,-1.7037928740130823,-1.1326659361468714,-4.617758814488546,-4.890399638806478,0.6930350065231323,0.0,-0.0,0.0,0.0,0.0,0.0,0.0,0.0,0.0,0.0,0.0,0.0,0
1785981700,863942861,100.0,-1.7199624220477503,-1.7037809530841272,-1.1326773802386683,-4.617722932492391,-4.890375677739279,0.6930350065231323,0.0,-0.0,0.0,0.0,0.0,0.0,0.0,0.0,0.0,0.0,0.0,0.0,0
1785981700,884146451,100.0,-1.7199505011187952,-1.7038167158709925,-1.1327136198626917,-4.617770854626791,-4.890363637601034,0.6930230259895325,0.0,-0.0,0.0,0.0,0.0,0.0,0.0,0.0,0.0,0.0,0.0,0.0,0
1785981700,904036283,100.0,-1.7199743429767054,-1.7037928740130823,-1.1326897780047815,-4.617710892354147,-4.890412036572592,0.6930709481239319,0.0,-0.0,0.0,0.0,0.0,0.0,0.0,0.0,0.0,0.0,0.0,0.0,0
1785981700,924137115,100.0,-1.7199862639056605,-1.7037690321551722,-1.1326897780047815,-4.6177348534213465,-4.890375677739279,0.693058967590332,0.0,-0.0,0.0,0.0,0.0,0.0,0.0,0.0,0.0,0.0,0.0,0.0,0
1785981700,944509744,100.0,-1.7199981848346155,-1.7037809530841272,-1.1326773802386683,-4.617722932492391,-4.890375677739279,0.6930110454559326,0.0,-0.0,0.0,0.0,0.0,0.0,0.0,0.0,0.0,0.0,0.0,0.0,0
1785981700,964129209,100.0,-1.7199624220477503,-1.7037809530841272,-1.1326659361468714,-4.617722932492391,-4.890363637601034,0.693058967590332,0.0,-0.0,0.0,0.0,0.0,0.0,0.0,0.0,0.0,0.0,0.0,0.0,0
1785981700,984214544,100.0,-1.7199505011187952,-1.7037928740130823,-1.1327255407916468,-4.617746893559591,-4.890351716672079,0.6930350065231323,0.0,-0.0,0.0,0.0,0.0,0.0,0.0,0.0,0.0,0.0,0.0,0.0,0
1785981701,4091024,100.0,-1.7199743429767054,-1.703864876423971,-1.1327016989337366,-4.6177948156939905,-4.890412036572592,0.6930230259895325,0.0,-0.0,0.0,0.0,0.0,0.0,0.0,0.0,0.0,0.0,0.0,0.0,0
1785981701,24070501,100.0,-1.7199624220477503,-1.7038052717791956,-1.1326897780047815,-4.617746893559591,-4.890375677739279,0.693058967590332,0.0,-0.0,0.0,0.0,0.0,0.0,0.0,0.0,0.0,0.0,0.0,0.0,0
1785981701,44037103,100.0,-1.7199862639056605,-1.7038052717791956,-1.1327016989337366,-4.617758814488546,-4.890375677739279,0.6929990649223328,0.0,-0.0,0.0,0.0,0.0,0.0,0.0,0.0,0.0,0.0,0.0,0.0,0
1785981701,63912153,100.0,-1.7199624220477503,-1.7038291136371058,-1.1326897780047815,-4.617758814488546,-4.890351716672079,0.6930350065231323,0.0,-0.0,0.0,0.0,0.0,0.0,0.0,0.0,0.0,0.0,0.0,0.0,0
1785981701,84155321,100.0,-1.7199743429767054,-1.7038167158709925,-1.1326659361468714,-4.617758814488546,-4.890375677739279,0.6930350065231323,0.0,-0.0,0.0,0.0,0.0,0.0,0.0,0.0,0.0,0.0,0.0,0.0,0
1785981701,104059219,100.0,-1.7199385801898401,-1.703757111226217,-1.1327136198626917,-4.617686931286947,-4.890412036572592,0.6930350065231323,0.0,-0.0,0.0,0.0,0.0,0.0,0.0,0.0,0.0,0.0,0.0,0.0,0
1785981701,124101400,100.0,-1.7199743429767054,-1.7038052717791956,-1.1326659361468714,-4.617722932492391,-4.890375677739279,0.6930230259895325,0.0,-0.0,0.0,0.0,0.0,0.0,0.0,0.0,0.0,0.0,0.0,0.0,0
1785981701,143980979,100.0,-1.7200225035296839,-1.7038167158709925,-1.1326897780047815,-4.617746893559591,-4.890399638806478,0.6930110454559326,0.0,-0.0,0.0,0.0,0.0,0.0,0.0,0.0,0.0,0.0,0.0,0.0,0
1785981701,164130210,100.0,-1.7199505011187952,-1.7038167158709925,-1.1327016989337366,-4.617722932492391,-4.890375677739279,0.6930469870567322,0.0,-0.0,0.0,0.0,0.0,0.0,0.0,0.0,0.0,0.0,0.0,0.0,0
1785981701,185647249,100.0,-1.7199385801898401,-1.703864876423971,-1.1327374617206019,-4.617746893559591,-4.890399638806478,0.6930230259895325,0.0,-0.0,0.0,0.0,0.0,0.0,0.0,0.0,0.0,0.0,0.0,0.0,0
1785981701,204140663,100.0,-1.7199385801898401,-1.7038052717791956,-1.1327136198626917,-4.617722932492391,-4.890399638806478,0.6930949091911316,0.0,-0.0,0.0,0.0,0.0,0.0,0.0,0.0,0.0,0.0,0.0,0.0,0
1785981701,224444150,100.0,-1.7199385801898401,-1.7038167158709925,-1.1326897780047815,-4.617746893559591,-4.890351716672079,0.6930230259895325,0.0,-0.0,0.0,0.0,0.0,0.0,0.0,0.0,0.0,0.0,0.0,0.0,0
1785981701,244103431,100.0,-1.719926659260885,-1.7037809530841272,-1.1326659361468714,-4.6177348534213465,-4.890375677739279,0.6930350065231323,0.0,-0.0,0.0,0.0,0.0,0.0,0.0,0.0,0.0,0.0,0.0,0.0,0
1785981701,264153242,100.0,-1.7199505011187952,-1.7038291136371058,-1.1326897780047815,-4.617698971425192,-4.890351716672079,0.6930110454559326,0.0,-0.0,0.0,0.0,0.0,0.0,0.0,0.0,0.0,0.0,0.0,0.0,0
1785981701,284112215,100.0,-1.7198904196368616,-1.7038167158709925,-1.1326897780047815,-4.617722932492391,-4.890375677739279,0.6929990649223328,0.0,-0.0,0.0,0.0,0.0,0.0,0.0,0.0,0.0,0.0,0.0,0.0,0
1785981701,304466962,100.0,-1.7200105826007288,-1.7038167158709925,-1.1327374617206019,-4.617746893559591,-4.890327755604879,0.6929990649223328,0.0,-0.0,0.0,0.0,0.0,0.0,0.0,0.0,0.0,0.0,0.0,0.0,0
1785981701,324113130,100.0,-1.719926659260885,-1.7038291136371058,-1.1326897780047815,-4.617722932492391,-4.890387598668234,0.6930110454559326,0.0,-0.0,0.0,0.0,0.0,0.0,0.0,0.0,0.0,0.0,0.0,0.0,0
1785981701,343890190,100.0,-1.7199862639056605,-1.7037690321551722,-1.1327136198626917,-4.617758814488546,-4.890375677739279,0.6930469870567322,0.0,-0.0,0.0,0.0,0.0,0.0,0.0,0.0,0.0,0.0,0.0,0.0,0
1785981701,364026784,100.0,-1.7199385801898401,-1.7037809530841272,-1.1327136198626917,-4.617770854626791,-4.890375677739279,0.6930110454559326,0.0,-0.0,0.0,0.0,0.0,0.0,0.0,0.0,0.0,0.0,0.0,0.0,0
1785981701,384035825,100.0,-1.7200105826007288,-1.7038052717791956,-1.1327255407916468,-4.617770854626791,-4.890412036572592,0.693058967590332,0.0,-0.0,0.0,0.0,0.0,0.0,0.0,0.0,0.0,0.0,0.0,0.0,0
1785981701,404304981,100.0,-1.7200105826007288,-1.7037690321551722,-1.1327016989337366,-4.6177348534213465,-4.890351716672079,0.6930469870567322,0.0,-0.0,0.0,0.0,0.0,0.0,0.0,0.0,0.0,0.0,0.0,0.0,0
1785981701,424248933,100.0,-1.7199862639056605,-1.7038167158709925,-1.1326773802386683,-4.617770854626791,-4.890351716672079,0.6930110454559326,0.0,-0.0,0.0,0.0,0.0,0.0,0.0,0.0,0.0,0.0,0.0,0.0,0
1785981701,444075584,100.0,-1.7199505011187952,-1.7037928740130823,-1.1326773802386683,-4.6177948156939905,-4.890351716672079,0.6930469870567322,0.0,-0.0,0.0,0.0,0.0,0.0,0.0,0.0,0.0,0.0,0.0,0.0,0
1785981701,464063167,100.0,-1.7199505011187952,-1.7038167158709925,-1.1327016989337366,-4.617722932492391,-4.890412036572592,0.6930230259895325,0.0,-0.0,0.0,0.0,0.0,0.0,0.0,0.0,0.0,0.0,0.0,0.0,0
1785981701,484129190,100.0,-1.7200105826007288,-1.7038410345660608,-1.1327255407916468,-4.6177348534213465,-4.890351716672079,0.6930469870567322,0.0,-0.0,0.0,0.0,0.0,0.0,0.0,0.0,0.0,0.0,0.0,0.0,0
1785981701,504033565,100.0,-1.7199624220477503,-1.703864876423971,-1.1327136198626917,-4.6177348534213465,-4.890412036572592,0.6930110454559326,0.0,-0.0,0.0,0.0,0.0,0.0,0.0,0.0,0.0,0.0,0.0,0.0,0
1785981701,524161815,100.0,-1.7200225035296839,-1.7038167158709925,-1.1327016989337366,-4.617722932492391,-4.890387598668234,0.6930469870567322,0.0,-0.0,0.0,0.0,0.0,0.0,0.0,0.0,0.0,0.0,0.0,0.0,0
1785981701,544021606,100.0,-1.7199385801898401,-1.7038167158709925,-1.1327255407916468,-4.617722932492391,-4.890387598668234,0.6930469870567322,0.0,-0.0,0.0,0.0,0.0,0.0,0.0,0.0,0.0,0.0,0.0,0.0,0
1785981701,564413785,100.0,-1.7199862639056605,-1.7038410345660608,-1.1326773802386683,-4.617758814488546,-4.890412036572592,0.6930350065231323,0.0,-0.0,0.0,0.0,0.0,0.0,0.0,0.0,0.0,0.0,0.0,0.0,0
1785981701,584753990,100.0,-1.7199624220477503,-1.7038410345660608,-1.1327374617206019,-4.617722932492391,-4.890412036572592,0.6930469870567322,0.0,-0.0,0.0,0.0,0.0,0.0,0.0,0.0,0.0,0.0,0.0,0.0,0
1785981701,604097604,100.0,-1.7199505011187952,-1.7037809530841272,-1.1327136198626917,-4.617770854626791,-4.890339676533834,0.6930469870567322,0.0,-0.0,0.0,0.0,0.0,0.0,0.0,0.0,0.0,0.0,0.0,0.0,0
1785981701,624285221,100.0,-1.7199981848346155,-1.7038291136371058,-1.1326540152179163,-4.6177828947650355,-4.890351716672079,0.6930469870567322,0.0,-0.0,0.0,0.0,0.0,0.0,0.0,0.0,0.0,0.0,0.0,0.0,0
1785981701,644010543,100.0,-1.7200105826007288,-1.7037928740130823,-1.1327016989337366,-4.6177348534213465,-4.890412036572592,0.6930230259895325,0.0,-0.0,0.0,0.0,0.0,0.0,0.0,0.0,0.0,0.0,0.0,0.0,0
1785981701,663997888,100.0,-1.7199624220477503,-1.7037928740130823,-1.1327016989337366,-4.617722932492391,-4.890387598668234,0.6930709481239319,0.0,-0.0,0.0,0.0,0.0,0.0,0.0,0.0,0.0,0.0,0.0,0.0,0
1785981701,684093475,100.0,-1.7199981848346155,-1.7038052717791956,-1.1327136198626917,-4.617770854626791,-4.890327755604879,0.6930709481239319,0.0,-0.0,0.0,0.0,0.0,0.0,0.0,0.0,0.0,0.0,0.0,0.0,0
1785981701,704125642,100.0,-1.7199385801898401,-1.7037690321551722,-1.1327016989337366,-4.617758814488546,-4.890339676533834,0.6930110454559326,0.0,-0.0,0.0,0.0,0.0,0.0,0.0,0.0,0.0,0.0,0.0,0.0,0
1785981701,724038362,100.0,-1.719926659260885,-1.703757111226217,-1.1327016989337366,-4.6177348534213465,-4.890399638806478,0.6929990649223328,0.0,-0.0,0.0,0.0,0.0,0.0,0.0,0.0,0.0,0.0,0.0,0.0,0
1785981701,744275569,100.0,-1.7199624220477503,-1.7038410345660608,-1.1326897780047815,-4.617722932492391,-4.890363637601034,0.6930110454559326,0.0,-0.0,0.0,0.0,0.0,0.0,0.0,0.0,0.0,0.0,0.0,0.0,0
1785981701,764058589,100.0,-1.7199385801898401,-1.7037809530841272,-1.1326897780047815,-4.617710892354147,-4.890412036572592,0.6930350065231323,0.0,-0.0,0.0,0.0,0.0,0.0,0.0,0.0,0.0,0.0,0.0,0.0,0
1785981701,784080028,100.0,-1.7199862639056605,-1.7037809530841272,-1.1327016989337366,-4.6177348534213465,-4.890363637601034,0.6930230259895325,0.0,-0.0,0.0,0.0,0.0,0.0,0.0,0.0,0.0,0.0,0.0,0.0,0
1785981701,804113388,100.0,-1.719926659260885,-1.7037809530841272,-1.1327016989337366,-4.617758814488546,-4.890363637601034,0.6930110454559326,0.0,-0.0,0.0,0.0,0.0,0.0,0.0,0.0,0.0,0.0,0.0,0.0,0
1785981701,824554443,100.0,-1.71991473833193,-1.7038291136371058,-1.1327374617206019,-4.617758814488546,-4.890399638806478,0.6930709481239319,0.0,-0.0,0.0,0.0,0.0,0.0,0.0,0.0,0.0,0.0,0.0,0.0,0
1785981701,844090223,100.0,-1.719926659260885,-1.7037690321551722,-1.1326897780047815,-4.617710892354147,-4.890339676533834,0.6929990649223328,0.0,-0.0,0.0,0.0,0.0,0.0,0.0,0.0,0.0,0.0,0.0,0.0,0
1785981701,863941192,100.0,-1.7199743429767054,-1.7038052717791956,-1.1326659361468714,-4.617746893559591,-4.890351716672079,0.693058967590332,0.0,-0.0,0.0,0.0,0.0,0.0,0.0,0.0,0.0,0.0,0.0,0.0,0
1785981701,884152650,100.0,-1.7199385801898401,-1.7037327925311487,-1.1327016989337366,-4.6177348534213465,-4.890399638806478,0.6930110454559326,0.0,-0.0,0.0,0.0,0.0,0.0,0.0,0.0,0.0,0.0,0.0,0.0,0
1785981701,904228687,100.0,-1.7199981848346155,-1.7037928740130823,-1.1326897780047815,-4.617722932492391,-4.890399638806478,0.6929990649223328,0.0,-0.0,0.0,0.0,0.0,0.0,0.0,0.0,0.0,0.0,0.0,0.0,0
1785981701,924022436,100.0,-1.7199624220477503,-1.7038167158709925,-1.132749382649557,-4.617698971425192,-4.890387598668234,0.693058967590332,0.0,-0.0,0.0,0.0,0.0,0.0,0.0,0.0,0.0,0.0,0.0,0.0,0
1785981701,944343566,100.0,-1.7199743429767054,-1.7038291136371058,-1.1326773802386683,-4.6177828947650355,-4.890375677739279,0.6930230259895325,0.0,-0.0,0.0,0.0,0.0,0.0,0.0,0.0,0.0,0.0,0.0,0.0,0
1785981701,964024782,100.0,-1.7199624220477503,-1.7038410345660608,-1.1327255407916468,-4.617722932492391,-4.890399638806478,0.6930469870567322,0.0,-0.0,0.0,0.0,0.0,0.0,0.0,0.0,0.0,0.0,0.0,0.0,0
1785981701,983919858,100.0,-1.7199981848346155,-1.7038291136371058,-1.1326540152179163,-4.6177348534213465,-4.890375677739279,0.6929990649223328,0.0,-0.0,0.0,0.0,0.0,0.0,0.0,0.0,0.0,0.0,0.0,0.0,0
1785981702,4143714,100.0,-1.7199624220477503,-1.7038291136371058,-1.1326540152179163,-4.617710892354147,-4.890387598668234,0.6929990649223328,0.0,-0.0,0.0,0.0,0.0,0.0,0.0,0.0,0.0,0.0,0.0,0.0,0
1785981702,24072408,100.0,-1.7199743429767054,-1.7037928740130823,-1.1326897780047815,-4.617722932492391,-4.890423957501547,0.6930469870567322,0.0,-0.0,0.0,0.0,0.0,0.0,0.0,0.0,0.0,0.0,0.0,0.0,0
1785981702,44101476,100.0,-1.7199385801898401,-1.703757111226217,-1.1326659361468714,-4.617722932492391,-4.890363637601034,0.6929990649223328,0.0,-0.0,0.0,0.0,0.0,0.0,0.0,0.0,0.0,0.0,0.0,0.0,0
1785981702,63893795,100.0,-1.7199505011187952,-1.7038167158709925,-1.1327136198626917,-4.617758814488546,-4.890351716672079,0.6930350065231323,0.0,-0.0,0.0,0.0,0.0,0.0,0.0,0.0,0.0,0.0,0.0,0.0,0
1785981702,84210634,100.0,-1.7199862639056605,-1.7038410345660608,-1.1327136198626917,-4.617722932492391,-4.890327755604879,0.6930230259895325,0.0,-0.0,0.0,0.0,0.0,0.0,0.0,0.0,0.0,0.0,0.0,0.0,0
1785981702,105025291,100.0,-1.7200225035296839,-1.7038167158709925,-1.1327255407916468,-4.617686931286947,-4.890423957501547,0.6930110454559326,0.0,-0.0,0.0,0.0,0.0,0.0,0.0,0.0,0.0,0.0,0.0,0.0,0
1785981702,124038696,100.0,-1.7199385801898401,-1.7037928740130823,-1.1327374617206019,-4.617746893559591,-4.890375677739279,0.6930350065231323,0.0,-0.0,0.0,0.0,0.0,0.0,0.0,0.0,0.0,0.0,0.0,0.0,0
1785981702,144772052,100.0,-1.7199505011187952,-1.7038167158709925,-1.1327016989337366,-4.617770854626791,-4.890351716672079,0.6929990649223328,0.0,-0.0,0.0,0.0,0.0,0.0,0.0,0.0,0.0,0.0,0.0,0.0,0
1785981702,164100646,100.0,-1.7200105826007288,-1.703864876423971,-1.1327016989337366,-4.617710892354147,-4.890375677739279,0.6930709481239319,0.0,-0.0,0.0,0.0,0.0,0.0,0.0,0.0,0.0,0.0,0.0,0.0,0
1785981702,184087753,100.0,-1.7199505011187952,-1.7038167158709925,-1.1326897780047815,-4.6177348534213465,-4.890351716672079,0.6930230259895325,0.0,-0.0,0.0,0.0,0.0,0.0,0.0,0.0,0.0,0.0,0.0,0.0,0
1785981702,204062938,100.0,-1.7199624220477503,-1.7037327925311487,-1.1327255407916468,-4.617746893559591,-4.890399638806478,0.6929990649223328,0.0,-0.0,0.0,0.0,0.0,0.0,0.0,0.0,0.0,0.0,0.0,0.0,0
1785981702,223999261,100.0,-1.7199743429767054,-1.7037928740130823,-1.1327016989337366,-4.617746893559591,-4.890387598668234,0.6930230259895325,0.0,-0.0,0.0,0.0,0.0,0.0,0.0,0.0,0.0,0.0,0.0,0.0,0
1785981702,244046688,100.0,-1.7199862639056605,-1.7038167158709925,-1.1327136198626917,-4.6177348534213465,-4.890375677739279,0.6930230259895325,0.0,-0.0,0.0,0.0,0.0,0.0,0.0,0.0,0.0,0.0,0.0,0.0,0
1785981702,264484882,100.0,-1.7200105826007288,-1.7038410345660608,-1.1326897780047815,-4.617722932492391,-4.890387598668234,0.6930829286575317,0.0,-0.0,0.0,0.0,0.0,0.0,0.0,0.0,0.0,0.0,0.0,0.0,0
1785981702,284058570,100.0,-1.7199624220477503,-1.703745190297262,-1.132749382649557,-4.6177348534213465,-4.890339676533834,0.6930709481239319,0.0,-0.0,0.0,0.0,0.0,0.0,0.0,0.0,0.0,0.0,0.0,0.0,0
1785981702,304126977,100.0,-1.7199624220477503,-1.7038167158709925,-1.1327136198626917,-4.617758814488546,-4.890351716672079,0.6930110454559326,0.0,-0.0,0.0,0.0,0.0,0.0,0.0,0.0,0.0,0.0,0.0,0.0,0
1785981702,324016332,100.0,-1.7199862639056605,-1.7037809530841272,-1.1327136198626917,-4.6177348534213465,-4.890387598668234,0.6929990649223328,0.0,-0.0,0.0,0.0,0.0,0.0,0.0,0.0,0.0,0.0,0.0,0.0,0
1785981702,344035148,100.0,-1.7199624220477503,-1.7038167158709925,-1.1326897780047815,-4.617722932492391,-4.890375677739279,0.6930230259895325,0.0,-0.0,0.0,0.0,0.0,0.0,0.0,0.0,0.0,0.0,0.0,0.0,0
1785981702,364129781,100.0,-1.7199505011187952,-1.7037690321551722,-1.1327374617206019,-4.6177348534213465,-4.890351716672079,0.6929870843887329,0.0,-0.0,0.0,0.0,0.0,0.0,0.0,0.0,0.0,0.0,0.0,0.0,0
1785981702,384111404,100.0,-1.719926659260885,-1.7037928740130823,-1.1326897780047815,-4.6177348534213465,-4.890412036572592,0.6930350065231323,0.0,-0.0,0.0,0.0,0.0,0.0,0.0,0.0,0.0,0.0,0.0,0.0,0
1785981702,404132127,100.0,-1.7199862639056605,-1.7038167158709925,-1.1326897780047815,-4.617722932492391,-4.890387598668234,0.6930230259895325,0.0,-0.0,0.0,0.0,0.0,0.0,0.0,0.0,0.0,0.0,0.0,0.0,0
1785981702,423892259,100.0,-1.7199743429767054,-1.7037928740130823,-1.132749382649557,-4.6177348534213465,-4.890363637601034,0.6930350065231323,0.0,-0.0,0.0,0.0,0.0,0.0,0.0,0.0,0.0,0.0,0.0,0.0,0
1785981702,444060325,100.0,-1.7199624220477503,-1.7038291136371058,-1.132749382649557,-4.6177348534213465,-4.890363637601034,0.6930829286575317,0.0,-0.0,0.0,0.0,0.0,0.0,0.0,0.0,0.0,0.0,0.0,0.0,0
1785981702,464805841,100.0,-1.7199385801898401,-1.7037928740130823,-1.1326773802386683,-4.617758814488546,-4.890375677739279,0.6929990649223328,0.0,-0.0,0.0,0.0,0.0,0.0,0.0,0.0,0.0,0.0,0.0,0.0,0
1785981702,484132766,100.0,-1.7199385801898401,-1.7038052717791956,-1.1327016989337366,-4.617758814488546,-4.890315715466635,0.6930469870567322,0.0,-0.0,0.0,0.0,0.0,0.0,0.0,0.0,0.0,0.0,0.0,0.0,0
1785981702,503970146,100.0,-1.7199862639056605,-1.7038410345660608,-1.1327136198626917,-4.617770854626791,-4.890423957501547,0.6930469870567322,0.0,-0.0,0.0,0.0,0.0,0.0,0.0,0.0,0.0,0.0,0.0,0.0,0
1785981702,523998498,100.0,-1.7199862639056605,-1.7038167158709925,-1.1326659361468714,-4.6177348534213465,-4.890363637601034,0.6929990649223328,0.0,-0.0,0.0,0.0,0.0,0.0,0.0,0.0,0.0,0.0,0.0,0.0,0
1785981702,543939113,100.0,-1.7199624220477503,-1.7038167158709925,-1.1326773802386683,-4.617686931286947,-4.890399638806478,0.6930110454559326,0.0,-0.0,0.0,0.0,0.0,0.0,0.0,0.0,0.0,0.0,0.0,0.0,0
1785981702,564095258,100.0,-1.7199981848346155,-1.7038291136371058,-1.1326659361468714,-4.617710892354147,-4.890399638806478,0.6930469870567322,0.0,-0.0,0.0,0.0,0.0,0.0,0.0,0.0,0.0,0.0,0.0,0.0,0
1785981702,583955764,100.0,-1.7199505011187952,-1.703745190297262,-1.1327016989337366,-4.617710892354147,-4.890375677739279,0.6930230259895325,0.0,-0.0,0.0,0.0,0.0,0.0,0.0,0.0,0.0,0.0,0.0,0.0,0
1785981702,604147672,100.0,-1.7199743429767054,-1.7037690321551722,-1.1327016989337366,-4.617710892354147,-4.890339676533834,0.6929990649223328,0.0,-0.0,0.0,0.0,0.0,0.0,0.0,0.0,0.0,0.0,0.0,0.0,0
1785981702,624411582,100.0,-1.7199023405658167,-1.7038052717791956,-1.1326659361468714,-4.617758814488546,-4.890375677739279,0.6929990649223328,0.0,-0.0,0.0,0.0,0.0,0.0,0.0,0.0,0.0,0.0,0.0,0.0,0
1785981702,644104242,100.0,-1.7199862639056605,-1.703745190297262,-1.1327255407916468,-4.617746893559591,-4.890375677739279,0.6930469870567322,0.0,-0.0,0.0,0.0,0.0,0.0,0.0,0.0,0.0,0.0,0.0,0.0,0
1785981702,664014339,100.0,-1.7199385801898401,-1.7037928740130823,-1.1327016989337366,-4.617770854626791,-4.890387598668234,0.6930230259895325,0.0,-0.0,0.0,0.0,0.0,0.0,0.0,0.0,0.0,0.0,0.0,0.0,0
1785981702,684153079,100.0,-1.7199385801898401,-1.7038291136371058,-1.1326897780047815,-4.617758814488546,-4.890412036572592,0.6929990649223328,0.0,-0.0,0.0,0.0,0.0,0.0,0.0,0.0,0.0,0.0,0.0,0.0,0
1785981702,704193830,100.0,-1.7199981848346155,-1.7037690321551722,-1.132749382649557,-4.617758814488546,-4.890412036572592,0.6930709481239319,0.0,-0.0,0.0,0.0,0.0,0.0,0.0,0.0,0.0,0.0,0.0,0.0,0
1785981702,724039793,100.0,-1.7199624220477503,-1.703757111226217,-1.1326773802386683,-4.617710892354147,-4.890387598668234,0.6930469870567322,0.0,-0.0,0.0,0.0,0.0,0.0,0.0,0.0,0.0,0.0,0.0,0.0,0
1785981702,744051933,100.0,-1.7199862639056605,-1.7037809530841272,-1.1327136198626917,-4.617710892354147,-4.890423957501547,0.6930469870567322,0.0,-0.0,0.0,0.0,0.0,0.0,0.0,0.0,0.0,0.0,0.0,0.0,0
1785981702,764206409,100.0,-1.7199624220477503,-1.7038052717791956,-1.1326897780047815,-4.617758814488546,-4.890363637601034,0.6930230259895325,0.0,-0.0,0.0,0.0,0.0,0.0,0.0,0.0,0.0,0.0,0.0,0.0,0
1785981702,784689903,100.0,-1.7199862639056605,-1.7037928740130823,-1.1327136198626917,-4.617722932492391,-4.890351716672079,0.6929751038551331,0.0,-0.0,0.0,0.0,0.0,0.0,0.0,0.0,0.0,0.0,0.0,0.0,0
1785981702,804023742,100.0,-1.7200105826007288,-1.7038291136371058,-1.1327136198626917,-4.617722932492391,-4.890339676533834,0.6930350065231323,0.0,-0.0,0.0,0.0,0.0,0.0,0.0,0.0,0.0,0.0,0.0,0.0,0
1785981702,824377298,100.0,-1.7199981848346155,-1.7037690321551722,-1.1326897780047815,-4.6177348534213465,-4.890375677739279,0.6930230259895325,0.0,-0.0,0.0,0.0,0.0,0.0,0.0,0.0,0.0,0.0,0.0,0.0,0
1785981702,844181537,100.0,-1.719926659260885,-1.7037928740130823,-1.1327255407916468,-4.617770854626791,-4.890327755604879,0.6929990649223328,0.0,-0.0,0.0,0.0,0.0,0.0,0.0,0.0,0.0,0.0,0.0,0.0,0
1785981702,863920450,100.0,-1.7199743429767054,-1.7038052717791956,-1.1326897780047815,-4.6177348534213465,-4.890387598668234,0.6930350065231323,0.0,-0.0,0.0,0.0,0.0,0.0,0.0,0.0,0.0,0.0,0.0,0.0,0
1785981702,884057760,100.0,-1.7199743429767054,-1.7037809530841272,-1.1327136198626917,-4.617758814488546,-4.890375677739279,0.693058967590332,0.0,-0.0,0.0,0.0,0.0,0.0,0.0,0.0,0.0,0.0,0.0,0.0,0
1785981702,904722929,100.0,-1.7199624220477503,-1.703852955495016,-1.1326897780047815,-4.617758814488546,-4.890412036572592,0.6929990649223328,0.0,-0.0,0.0,0.0,0.0,0.0,0.0,0.0,0.0,0.0,0.0,0.0,0
1785981702,924147605,100.0,-1.719926659260885,-1.7037809530841272,-1.1327136198626917,-4.617710892354147,-4.890375677739279,0.693058967590332,0.0,-0.0,0.0,0.0,0.0,0.0,0.0,0.0,0.0,0.0,0.0,0.0,0
1785981702,944318532,100.0,-1.7200225035296839,-1.7037690321551722,-1.1327016989337366,-4.617686931286947,-4.890423957501547,0.6930230259895325,0.0,-0.0,0.0,0.0,0.0,0.0,0.0,0.0,0.0,0.0,0.0,0.0,0
1785981702,964096784,100.0,-1.7199743429767054,-1.7037690321551722,-1.1326773802386683,-4.617770854626791,-4.890399638806478,0.6930110454559326,0.0,-0.0,0.0,0.0,0.0,0.0,0.0,0.0,0.0,0.0,0.0,0.0,0
1785981702,984094619,100.0,-1.7199743429767054,-1.7038291136371058,-1.1327255407916468,-4.617698971425192,-4.890412036572592,0.6930469870567322,0.0,-0.0,0.0,0.0,0.0,0.0,0.0,0.0,0.0,0.0,0.0,0.0,0
1785981703,4125595,100.0,-1.7199505011187952,-1.7038291136371058,-1.1326773802386683,-4.6177828947650355,-4.890375677739279,0.6930350065231323,0.0,-0.0,0.0,0.0,0.0,0.0,0.0,0.0,0.0,0.0,0.0,0.0,0
1785981703,24331092,100.0,-1.719926659260885,-1.7037690321551722,-1.1327255407916468,-4.617698971425192,-4.890412036572592,0.6930469870567322,0.0,-0.0,0.0,0.0,0.0,0.0,0.0,0.0,0.0,0.0,0.0,0.0,0
1785981703,44077873,100.0,-1.7199862639056605,-1.7038410345660608,-1.1326897780047815,-4.6177348534213465,-4.890399638806478,0.6929990649223328,0.0,-0.0,0.0,0.0,0.0,0.0,0.0,0.0,0.0,0.0,0.0,0.0,0
1785981703,63961505,100.0,-1.7200105826007288,-1.7038291136371058,-1.1326773802386683,-4.617770854626791,-4.890387598668234,0.6930469870567322,0.0,-0.0,0.0,0.0,0.0,0.0,0.0,0.0,0.0,0.0,0.0,0.0,0
1785981703,84043979,100.0,-1.7199981848346155,-1.703852955495016,-1.1327374617206019,-4.617758814488546,-4.890375677739279,0.693058967590332,0.0,-0.0,0.0,0.0,0.0,0.0,0.0,0.0,0.0,0.0,0.0,0.0,0
1785981703,103927373,100.0,-1.7199385801898401,-1.7037809530841272,-1.1326659361468714,-4.6177348534213465,-4.890412036572592,0.6930110454559326,0.0,-0.0,0.0,0.0,0.0,0.0,0.0,0.0,0.0,0.0,0.0,0.0,0
1785981703,124128818,100.0,-1.7199862639056605,-1.703745190297262,-1.1327136198626917,-4.617698971425192,-4.890387598668234,0.6930469870567322,0.0,-0.0,0.0,0.0,0.0,0.0,0.0,0.0,0.0,0.0,0.0,0.0,0
1785981703,143930196,100.0,-1.7199862639056605,-1.7038410345660608,-1.1327374617206019,-4.617722932492391,-4.890387598668234,0.6930350065231323,0.0,-0.0,0.0,0.0,0.0,0.0,0.0,0.0,0.0,0.0,0.0,0.0,0
1785981703,164189577,100.0,-1.7199862639056605,-1.7038052717791956,-1.1327136198626917,-4.617722932492391,-4.890399638806478,0.6930469870567322,0.0,-0.0,0.0,0.0,0.0,0.0,0.0,0.0,0.0,0.0,0.0,0.0,0
1785981703,183953762,100.0,-1.7200105826007288,-1.7037928740130823,-1.1327374617206019,-4.617746893559591,-4.890351716672079,0.6930469870567322,0.0,-0.0,0.0,0.0,0.0,0.0,0.0,0.0,0.0,0.0,0.0,0.0,0
1785981703,204041004,100.0,-1.7199505011187952,-1.7038410345660608,-1.1326773802386683,-4.617675010357992,-4.890387598668234,0.6930469870567322,0.0,-0.0,0.0,0.0,0.0,0.0,0.0,0.0,0.0,0.0,0.0,0.0,0
1785981703,224475622,100.0,-1.7199505011187952,-1.7038291136371058,-1.1327136198626917,-4.617758814488546,-4.890412036572592,0.6929990649223328,0.0,-0.0,0.0,0.0,0.0,0.0,0.0,0.0,0.0,0.0,0.0,0.0,0
1785981703,244115352,100.0,-1.7199624220477503,-1.7037809530841272,-1.1327016989337366,-4.617722932492391,-4.890399638806478,0.6930709481239319,0.0,-0.0,0.0,0.0,0.0,0.0,0.0,0.0,0.0,0.0,0.0,0.0,0
1785981703,264009952,100.0,-1.7199743429767054,-1.7038052717791956,-1.1327374617206019,-4.617770854626791,-4.890375677739279,0.6930230259895325,0.0,-0.0,0.0,0.0,0.0,0.0,0.0,0.0,0.0,0.0,0.0,0.0,0
1785981703,284084320,100.0,-1.7199624220477503,-1.7037809530841272,-1.1327136198626917,-4.6177348534213465,-4.890363637601034,0.693058967590332,0.0,-0.0,0.0,0.0,0.0,0.0,0.0,0.0,0.0,0.0,0.0,0.0,0
1785981703,304105520,100.0,-1.7199862639056605,-1.7037809530841272,-1.1327136198626917,-4.617758814488546,-4.890399638806478,0.6930469870567322,0.0,-0.0,0.0,0.0,0.0,0.0,0.0,0.0,0.0,0.0,0.0,0.0,0
1785981703,334592103,100.0,-1.7199862639056605,-1.7037809530841272,-1.1327136198626917,-4.617758814488546,-4.890399638806478,0.6930469870567322,0.0,-0.0,0.0,0.0,0.0,0.0,0.0,0.0,0.0,0.0,0.0,0.0,1
1785981703,343824386,100.0,-1.71991473833193,-1.7038167158709925,-1.1327016989337366,-4.6177828947650355,-4.890351716672079,0.6930469870567322,0.0,-0.0,0.0,0.0,0.0,0.0,0.0,0.0,0.0,0.0,0.0,0.0,1
1785981703,364004373,100.0,-1.7199743429767054,-1.7038167158709925,-1.1327016989337366,-4.6177348534213465,-4.890375677739279,0.6930350065231323,0.0,-0.0,0.0,0.0,0.0,0.0,0.0,0.0,0.0,0.0,0.0,0.0,1
1785981703,383941411,100.0,-1.7199505011187952,-1.7038167158709925,-1.1326897780047815,-4.617770854626791,-4.890399638806478,0.6929990649223328,0.0,-0.0,0.0,0.0,0.0,0.0,0.0,0.0,0.0,0.0,0.0,0.0,1
1785981703,404198408,100.0,-1.7199624220477503,-1.7037690321551722,-1.1327374617206019,-4.617770854626791,-4.890387598668234,0.6929870843887329,0.0,-0.0,0.0,0.0,0.0,0.0,0.0,0.0,0.0,0.0,0.0,0.0,1
1785981703,424100875,100.0,-1.7199743429767054,-1.7037809530841272,-1.1326659361468714,-4.617770854626791,-4.890375677739279,0.6930110454559326,0.0,-0.0,0.0,0.0,0.0,0.0,0.0,0.0,0.0,0.0,0.0,0.0,1
1785981703,444260358,100.0,-1.7199624220477503,-1.7038410345660608,-1.1326897780047815,-4.617722932492391,-4.890399638806478,0.6930230259895325,0.0,-0.0,0.0,0.0,0.0,0.0,0.0,0.0,0.0,0.0,0.0,0.0,1
1785981703,463908195,100.0,-1.7199385801898401,-1.7038052717791956,-1.1327016989337366,-4.6177348534213465,-4.890363637601034,0.6930709481239319,0.0,-0.0,0.0,0.0,0.0,0.0,0.0,0.0,0.0,0.0,0.0,0.0,1
1785981703,484113693,100.0,-1.7199624220477503,-1.7038052717791956,-1.132749382649557,-4.6177828947650355,-4.890375677739279,0.693058967590332,0.0,-0.0,0.0,0.0,0.0,0.0,0.0,0.0,0.0,0.0,0.0,0.0,1
1785981703,503919839,100.0,-1.7199505011187952,-1.7037928740130823,-1.1327136198626917,-4.617770854626791,-4.890412036572592,0.6930350065231323,0.0,-0.0,0.0,0.0,0.0,0.0,0.0,0.0,0.0,0.0,0.0,0.0,1
1785981703,524057865,100.0,-1.7199862639056605,-1.7038052717791956,-1.1327016989337366,-4.61781877676119,-4.890412036572592,0.6930230259895325,0.0,-0.0,0.0,0.0,0.0,0.0,0.0,0.0,0.0,0.0,0.0,0.0,1
1785981703,544147968,100.0,-1.71991473833193,-1.7038052717791956,-1.1326773802386683,-4.617722932492391,-4.890363637601034,0.6930110454559326,0.0,-0.0,0.0,0.0,0.0,0.0,0.0,0.0,0.0,0.0,0.0,0.0,1
1785981703,564037799,100.0,-1.7199743429767054,-1.7038167158709925,-1.1327136198626917,-4.617722932492391,-4.890351716672079,0.6930230259895325,0.0,-0.0,0.0,0.0,0.0,0.0,0.0,0.0,0.0,0.0,0.0,0.0,1
1785981703,584260702,100.0,-1.7199743429767054,-1.7037690321551722,-1.1327136198626917,-4.6177348534213465,-4.890375677739279,0.6929990649223328,0.0,-0.0,0.0,0.0,0.0,0.0,0.0,0.0,0.0,0.0,0.0,0.0,1
1785981703,604062795,100.0,-1.7199624220477503,-1.7038167158709925,-1.1327016989337366,-4.617686931286947,-4.890363637601034,0.6929990649223328,0.0,-0.0,0.0,0.0,0.0,0.0,0.0,0.0,0.0,0.0,0.0,0.0,1
1785981703,623879432,100.0,-1.7199862639056605,-1.7037928740130823,-1.1327016989337366,-4.617758814488546,-4.890412036572592,0.6930469870567322,0.0,-0.0,0.0,0.0,0.0,0.0,0.0,0.0,0.0,0.0,0.0,0.0,1
1785981703,644097328,100.0,-1.7199743429767054,-1.7038052717791956,-1.1326659361468714,-4.617710892354147,-4.890375677739279,0.6929870843887329,0.0,-0.0,0.0,0.0,0.0,0.0,0.0,0.0,0.0,0.0,0.0,0.0,1
1785981703,664065361,100.0,-1.7199862639056605,-1.7037690321551722,-1.1327016989337366,-4.617710892354147,-4.890399638806478,0.6930230259895325,0.0,-0.0,0.0,0.0,0.0,0.0,0.0,0.0,0.0,0.0,0.0,0.0,1
1785981703,684183597,100.0,-1.7199743429767054,-1.7038052717791956,-1.1326897780047815,-4.617746893559591,-4.890399638806478,0.6930469870567322,0.0,-0.0,0.0,0.0,0.0,0.0,0.0,0.0,0.0,0.0,0.0,0.0,1
1785981703,703968286,100.0,-1.7199862639056605,-1.7038052717791956,-1.132749382649557,-4.617722932492391,-4.890387598668234,0.6930110454559326,0.0,-0.0,0.0,0.0,0.0,0.0,0.0,0.0,0.0,0.0,0.0,0.0,1
1785981703,724148273,100.0,-1.7199385801898401,-1.7037809530841272,-1.1327136198626917,-4.617710892354147,-4.890412036572592,0.6930230259895325,0.0,-0.0,0.0,0.0,0.0,0.0,0.0,0.0,0.0,0.0,0.0,0.0,1
1785981703,744225740,100.0,-1.7199624220477503,-1.7037809530841272,-1.1327136198626917,-4.6177348534213465,-4.890339676533834,0.6929870843887329,0.0,-0.0,0.0,0.0,0.0,0.0,0.0,0.0,0.0,0.0,0.0,0.0,1
1785981703,764103889,100.0,-1.7199743429767054,-1.7038410345660608,-1.1326897780047815,-4.617710892354147,-4.890412036572592,0.6929990649223328,0.0,-0.0,0.0,0.0,0.0,0.0,0.0,0.0,0.0,0.0,0.0,0.0,1
1785981703,784065008,100.0,-1.7199624220477503,-1.703745190297262,-1.1327374617206019,-4.6177828947650355,-4.890375677739279,0.693058967590332,0.0,-0.0,0.0,0.0,0.0,0.0,0.0,0.0,0.0,0.0,0.0,0.0,1
1785981703,804079294,100.0,-1.7199862639056605,-1.7037690321551722,-1.1327136198626917,-4.617758814488546,-4.890375677739279,0.6930469870567322,0.0,-0.0,0.0,0.0,0.0,0.0,0.0,0.0,0.0,0.0,0.0,0.0,1
1785981703,824148178,100.0,-1.7199624220477503,-1.7038052717791956,-1.1327136198626917,-4.617746893559591,-4.890375677739279,0.6930230259895325,0.0,-0.0,0.0,0.0,0.0,0.0,0.0,0.0,0.0,0.0,0.0,0.0,1
1785981703,844103574,100.0,-1.71991473833193,-1.7037089506732386,-1.1326773802386683,-4.617710892354147,-4.890399638806478,0.69283127784729,0.011159710586071014,0.00942119862884283,0.0,0.0,0.0,-0.01902136206626892,0.0,0.0,0.0,0.0,0.0,0.0,1
1785981703,863899230,100.0,-1.7196505705462855,-1.7033856550799769,-1.1326659361468714,-4.617746893559591,-4.890351716672079,0.6922799944877625,0.01525032613426447,0.021526863798499107,0.0,0.0,0.0,-0.03584401682019234,0.0,0.0,0.0,0.0,0.0,0.0,1
1785981703,884142398,100.0,-1.719278637562887,-1.7028701941119593,-1.1326659361468714,-4.617746893559591,-4.890375677739279,0.6916212439537048,0.02509336918592453,0.03249482810497284,0.0,0.0,0.0,-0.048767805099487305,0.0,0.0,0.0,0.0,0.0,0.0,1
1785981703,903844118,100.0,-1.7185233275042933,-1.7019112745868128,-1.132749382649557,-4.617698971425192,-4.890375677739279,0.6900752782821655,0.03857961669564247,0.04568706080317497,0.0,0.0,0.0,-0.07076764851808548,0.0,0.0,0.0,0.0,0.0,0.0,1
1785981703,924124956,100.0,-1.7177675406085413,-1.701155964528219,-1.1326540152179163,-4.617710892354147,-4.890375677739279,0.6888173222541809,0.04628787189722061,0.05404725670814514,0.0,0.0,0.0,-0.08546829968690872,0.0,0.0,0.0,0.0,0.0,0.0,1
1785981703,944152593,100.0,-1.7165206114398401,-1.6996572653399866,-1.1327016989337366,-4.617710892354147,-4.890363637601034,0.6866242289543152,0.05524887517094612,0.06548819690942764,0.0,0.0,0.0,-0.09910794347524643,0.0,0.0,0.0,0.0,0.0,0.0,1
1785981703,964071750,100.0,-1.715513054524557,-1.6985190550433558,-1.1327374617206019,-4.617746893559591,-4.890339676533834,0.6849467754364014,0.061461497098207474,0.07442363351583481,0.0,0.0,0.0,-0.11067671328783035,0.0,0.0,0.0,0.0,0.0,0.0,1
1785981703,984045743,100.0,-1.7139299551593226,-1.696540657673971,-1.1326659361468714,-4.617758814488546,-4.890375677739279,0.6820234060287476,0.07281295955181122,0.08673383295536041,0.0,0.0,0.0,-0.131743386387825,0.0,0.0,0.0,0.0,0.0,0.0,1
1785981704,4045248,100.0,-1.7127307097064417,-1.6951258818255823,-1.1326659361468714,-4.617710892354147,-4.890351716672079,0.6798426508903503,0.0784631222486496,0.0918087512254715,0.0,0.0,0.0,-0.14056377112865448,0.0,0.0,0.0,0.0,0.0,0.0,1
1785981704,24098634,100.0,-1.71067983308901,-1.6927045027362269,-1.1327016989337366,-4.617722932492391,-4.890375677739279,0.6761638522148132,0.08743690699338913,0.1014600470662117,0.0,0.0,0.0,-0.15830682218074799,0.0,0.0,0.0,0.0,0.0,0.0,1
1785981704,44047355,100.0,-1.7091806570636194,-1.691014591847555,-1.1326897780047815,-4.617686931286947,-4.890375677739279,0.6736235618591309,0.0940074548125267,0.11158432066440582,0.0,0.0,0.0,-0.16822656989097595,0.0,0.0,0.0,0.0,0.0,0.0,1
1785981704,64023017,100.0,-1.7068303267108362,-1.688221279774801,-1.1326659361468714,-4.617722932492391,-4.890399638806478,0.6694058775901794,0.10349257290363312,0.11921587586402893,0.0,0.0,0.0,-0.18607187271118164,0.0,0.0,0.0,0.0,0.0,0.0,1
1785981704,84114074,100.0,-1.7051270643817347,-1.6861837545977991,-1.1327374617206019,-4.6177348534213465,-4.890412036572592,0.6663858294487,0.10812008380889893,0.1269369125366211,0.0,0.0,0.0,-0.19444485008716583,0.0,0.0,0.0,0.0,0.0,0.0,1
1785981704,103841781,100.0,-1.7024648825274866,-1.6830304304706019,-1.1327374617206019,-4.617698971425192,-4.890423957501547,0.6615210175514221,0.11361684650182724,0.13743190467357635,0.0,0.0,0.0,-0.21377301216125488,0.0,0.0,0.0,0.0,0.0,0.0,1
1785981704,124149560,100.0,-1.700618092213766,-1.6808131376849573,-1.1327016989337366,-4.617770854626791,-4.890399638806478,0.6580579280853271,0.12026409804821014,0.14355504512786865,0.0,0.0,0.0,-0.22118724882602692,0.0,0.0,0.0,0.0,0.0,0.0,1
1785981704,144581794,100.0,-1.6976197401629847,-1.677276913319723,-1.1326773802386683,-4.617746893559591,-4.890339676533834,0.652474045753479,0.12781895697116852,0.15227316319942474,0.0,0.0,0.0,-0.2341749519109726,0.0,0.0,0.0,0.0,0.0,0.0,1
1785981704,164065599,100.0,-1.6954730192767542,-1.6748436133014124,-1.1326897780047815,-4.617722932492391,-4.890387598668234,0.6486993432044983,0.13414661586284637,0.15843465924263,0.0,0.0,0.0,-0.24211330711841583,0.0,0.0,0.0,0.0,0.0,0.0,1
1785981704,185549736,100.0,-1.6920555273639124,-1.6708758513080042,-1.1327016989337366,-4.617770854626791,-4.890399638806478,0.6427319645881653,0.1389530897140503,0.16786862909793854,0.0,0.0,0.0,-0.2527233362197876,0.0,0.0,0.0,0.0,0.0,0.0,1
1785981704,204027891,100.0,-1.6897648016559046,-1.6680825392352503,-1.1326897780047815,-4.617758814488546,-4.890363637601034,0.6385618448257446,0.14416863024234772,0.17289242148399353,0.0,0.0,0.0,-0.2597924470901489,0.0,0.0,0.0,0.0,0.0,0.0,1
1785981704,224363327,100.0,-1.6861427466021937,-1.6637910048114222,-1.1327136198626917,-4.617758814488546,-4.890412036572592,0.6322109699249268,0.15059857070446014,0.18086911737918854,0.0,0.0,0.0,-0.27500441670417786,0.0,0.0,0.0,0.0,0.0,0.0,1
1785981704,244123220,100.0,-1.6835888067828577,-1.6608660856830042,-1.1326773802386683,-4.617746893559591,-4.890399638806478,0.627681314945221,0.15544338524341583,0.1826332062482834,0.0,0.0,0.0,-0.28418272733688354,0.0,0.0,0.0,0.0,0.0,0.0,1
1785981704,264175176,100.0,-1.6797874609576624,-1.6564791838275355,-1.1327136198626917,-4.6177348534213465,-4.890387598668234,0.6207072138786316,0.16104242205619812,0.19013692438602448,0.0,0.0,0.0,-0.29683807492256165,0.0,0.0,0.0,0.0,0.0,0.0,1
1785981704,284072160,100.0,-1.6771610418902796,-1.653254810963766,-1.132761303578512,-4.6177348534213465,-4.890363637601034,0.6159018874168396,0.1672678291797638,0.19726993143558502,0.0,0.0,0.0,-0.3020024597644806,0.0,0.0,0.0,0.0,0.0,0.0,1
1785981704,303900003,100.0,-1.6732032934771937,-1.6484358946429651,-1.1327255407916468,-4.617746893559591,-4.890423957501547,0.6085439920425415,0.1747204214334488,0.20161621272563934,0.0,0.0,0.0,-0.3115898668766022,0.0,0.0,0.0,0.0,0.0,0.0,1
1785981704,324074745,10.0,-1.6703851858722132,-1.6451638380633753,-1.1326659361468714,-4.617758814488546,-4.890351716672079,0.6034873723983765,0.17681685090065002,0.20857025682926178,0.0,0.0,0.0,-0.31971994042396545,0.0,0.0,0.0,0.0,0.0,0.0,1
1785981704,343882083,10.0,-1.6711886564837855,-1.6464222113238733,-1.1334198156939905,-4.617159668599264,-4.890423957501547,0.6047333478927612,0.12161911278963089,-0.04681198298931122,-0.07597998529672623,0.06993994116783142,0.0,0.03919320926070213,0.0,0.0,0.0,0.0,0.0,0.0,1
1785981704,364191055,10.0,-1.6705172697650355,-1.6455467383014124,-1.1317675749408167,-4.61784273782839,-4.890399638806478,0.6042184233665466,-0.015199193730950356,0.01507136132568121,0.03633617237210274,-0.02701244316995144,0.0,-0.010763431899249554,0.0,0.0,0.0,0.0,0.0,0.0,1
1785981704,384256839,10.0,-1.6712482611285608,-1.646278206502096,-1.1324141661273401,-4.61781877676119,-4.890459958706991,0.6047333478927612,-0.01447055209428072,-0.005023787263780832,0.0021092237439006567,-0.002540655666962266,0.0,0.02871100790798664,0.0,0.0,0.0,0.0,0.0,0.0,1
1785981704,404089689,10.0,-1.6723039785968226,-1.6466015020953577,-1.1326058546649378,-4.617722932492391,-4.890351716672079,0.6051768064498901,-0.06166603043675423,-0.025783661752939224,-0.0014620755100622773,-0.0015579493483528495,0.0,0.023546606302261353,0.0,0.0,0.0,0.0,0.0,0.0,1
1785981704,424475908,10.0,-1.6727598349200647,-1.6467936674701136,-1.132594410573141,-4.617722932492391,-4.890387598668234,0.6054404377937317,-0.01507136132568121,-0.0027867318131029606,-0.0014620755100622773,-0.0009827064350247383,0.0,0.008104532025754452,0.0,0.0,0.0,0.0,0.0,0.0,1
1785981704,444079160,10.0,-1.6726158300982874,-1.6467574278460901,-1.1325581709491175,-4.617770854626791,-4.890399638806478,0.6057520508766174,-0.0013038837350904942,-0.0012655341997742653,-0.0016058861510828137,-0.0007909588748589158,0.0,0.018970228731632233,0.0,0.0,0.0,0.0,0.0,0.0,1
1785981704,464823722,10.0,-1.671572510396139,-1.6466496626483362,-1.1325104872332972,-4.617758814488546,-4.890412036572592,0.6057400703430176,0.04722104221582413,-0.0,-0.0016058861510828137,-0.0005992112564854324,0.0,0.002812298247590661,0.0,0.0,0.0,0.0,0.0,0.0,1
1785981704,484018087,10.0,-1.6707685629474085,-1.646506134663717,-1.1324384848224085,-4.61784273782839,-4.890387598668234,0.6054763793945312,0.00552233075723052,0.00830906257033348,-0.0011744541116058826,-0.0005273059359751642,0.0,-0.01660534180700779,0.0,0.0,0.0,0.0,0.0,0.0,1
1785981704,503901243,10.0,-1.670804802571432,-1.6463378111468714,-1.132402245198385,-4.617758814488546,-4.890399638806478,0.6051528453826904,-0.012233496643602848,0.003579288488253951,-0.0008149273344315588,-0.00043143212678842247,0.0,-0.00869255792349577,0.0,0.0,0.0,0.0,0.0,0.0,1
1785981704,524091958,10.0,-1.6711767355548304,-1.6465299765216272,-1.1324980894671839,-4.617675010357992,-4.890447918568746,0.6053205728530884,-0.02371278777718544,-0.013972008600831032,0.0,-0.0003834952076431364,0.0,0.003962783608585596,0.0,0.0,0.0,0.0,0.0,0.0,1
1785981704,543941259,10.0,-1.67212421098818,-1.6466134230243128,-1.1324623266803187,-4.617770854626791,-4.890375677739279,0.6056561470031738,-0.0346679650247097,-0.004307929426431656,0.0,-0.00033555831760168076,0.0,0.006314887665212154,0.0,0.0,0.0,0.0,0.0,0.0,1
1785981704,564153432,10.0,-1.672352139149801,-1.646721665059225,-1.1325700918780726,-4.617770854626791,-4.890339676533834,0.6057760119438171,0.013690778985619545,-0.0020836573094129562,0.0,-0.0003115898580290377,0.0,0.009497897699475288,0.0,0.0,0.0,0.0,0.0,0.0,1
1785981704,584561824,10.0,-1.6721718947040003,-1.6466973463641565,-1.1325581709491175,-4.617758814488546,-4.890435997639791,0.6057520508766174,0.005790777504444122,-0.0,-0.0002636529679875821,-0.0002636529679875821,0.0,0.0019558256026357412,0.0,0.0,0.0,0.0,0.0,0.0,1
1785981704,604163408,10.0,-1.671704117451803,-1.6466735045062464,-1.132594410573141,-4.617746893559591,-4.890375677739279,0.6056561470031738,0.025438515469431877,0.0009715211926959455,-0.0002636529679875821,-0.0002636529679875821,0.0,-0.005880259908735752,0.0,0.0,0.0,0.0,0.0,0.0,1
1785981704,624123334,10.0,-1.6710928122149866,-1.6465180555926722,-1.132521931325094,-4.617806855832235,-4.890375677739279,0.605500340461731,0.016886571422219276,0.0035153727512806654,-0.0002636529679875821,-0.00023968450841493905,0.0,-0.005330583546310663,0.0,0.0,0.0,0.0,0.0,0.0,1
1785981704,644057273,10.0,-1.6711047331439417,-1.646625820790426,-1.1325104872332972,-4.617698971425192,-4.890423957501547,0.6054763793945312,0.013345632702112198,0.001163268811069429,-0.0002636529679875821,-0.00021571606339421123,0.0,-0.0019174760673195124,0.0,0.0,0.0,0.0,0.0,0.0,1
1785981704,664148569,10.0,-1.6715005079852503,-1.6466015020953577,-1.1325462500201624,-4.617746893559591,-4.890399638806478,0.6056561470031738,-0.003719903528690338,-0.0015723303658887744,-0.004026699811220169,-0.0001917476038215682,0.0,0.005995308514684439,0.0,0.0,0.0,0.0,0.0,0.0,1
1785981704,684028625,10.0,-1.6719325224505823,-1.6466973463641565,-1.1327016989337366,-4.617746893559591,-4.890351716672079,0.6057640314102173,-0.019213110208511353,-0.0033491915091872215,-0.009251821786165237,-0.0001917476038215682,0.0,0.003758253064006567,0.0,0.0,0.0,0.0,0.0,0.0,1
1785981704,703951358,10.0,-1.6720641295062464,-1.64673358598818,-1.132761303578512,-4.6177948156939905,-4.890387598668234,0.6057160496711731,-0.0031318773981183767,-0.0004474110610317439,-0.002972087822854519,-0.00016777915880084038,0.0,0.0010993529576808214,0.0,0.0,0.0,0.0,0.0,0.0,1
1785981704,724097013,10.0,-1.6720159689532679,-1.6467574278460901,-1.1327136198626917,-4.617806855832235,-4.890399638806478,0.605644166469574,-0.0013550163712352514,-0.0025949841365218163,-0.002588592702522874,-0.00016777915880084038,0.0,0.0007925567333586514,0.0,0.0,0.0,0.0,0.0,0.0,1
1785981704,743932485,10.0,-1.6716201941119593,-1.64673358598818,-1.1327255407916468,-4.6177828947650355,-4.890387598668234,0.6056321859359741,0.011492072604596615,-0.0009715211926959455,-0.001318264752626419,-0.00016777915880084038,0.0,-0.003502589650452137,0.0,0.0,0.0,0.0,0.0,0.0,1
1785981704,764161825,10.0,-1.671464745198385,-1.6466496626483362,-1.1327255407916468,-4.6177348534213465,-4.890363637601034,0.6056561470031738,0.007452589925378561,0.0001917476038215682,-0.0009827064350247383,-0.00014381069922819734,0.0,-0.001470064977183938,0.0,0.0,0.0,0.0,0.0,0.0,1
1785981704,784418821,10.0,-1.6715362707721155,-1.6466496626483362,-1.132749382649557,-4.617758814488546,-4.890387598668234,0.6057160496711731,0.0013038837350904942,0.0001917476038215682,-0.0007190534961409867,-0.00014381069922819734,0.0,0.0003195793251506984,0.0,0.0,0.0,0.0,0.0,0.0,1
1785981704,804075956,10.0,-1.6716564337359827,-1.6466973463641565,-1.1327136198626917,-4.6177828947650355,-4.890363637601034,0.6056681275367737,-0.005803560838103294,0.0001917476038215682,-0.0005992112564854324,-0.00014381069922819734,0.0,0.0011760519118979573,0.0,0.0,0.0,0.0,0.0,0.0,1
1785981704,824286937,10.0,-1.6717761198626917,-1.64673358598818,-1.1327255407916468,-4.6177828947650355,-4.890387598668234,0.6056321859359741,-0.0041161817498505116,-0.00014061490946915,-0.0004793690168298781,-0.00011984225420746952,0.0,0.0011760519118979573,0.0,0.0,0.0,0.0,0.0,0.0,1
1785981704,844113588,10.0,-1.671811882649557,-1.6467097441302698,-1.1327856222735804,-4.6177948156939905,-4.890375677739279,0.6056321859359741,-0.001597896683961153,-0.00014061490946915,-0.00043143212678842247,-0.00011984225420746952,0.0,-0.00026844663079828024,0.0,0.0,0.0,0.0,0.0,0.0,1
1785981704,864414453,10.0,-1.671716038380758,-1.6467097441302698,-1.132761303578512,-4.617806855832235,-4.890399638806478,0.6056321859359741,-0.0007030745618976653,-0.00014061490946915,-0.00035952674807049334,-0.00011984225420746952,0.0,-0.00026844663079828024,0.0,0.0,0.0,0.0,0.0,0.0,1
1785981704,884061098,10.0,-1.6716201941119593,-1.6466735045062464,-1.1327136198626917,-4.617746893559591,-4.890375677739279,0.605644166469574,0.0024927188642323017,-0.00014061490946915,-0.00033555831760168076,-0.00011984225420746952,0.0,-0.00026844663079828024,0.0,0.0,0.0,0.0,0.0,0.0,1
1785981704,904121875,10.0,-1.6716201941119593,-1.6466854254352015,-1.1327136198626917,-4.6177948156939905,-4.890412036572592,0.6056681275367737,0.0011760519118979573,-0.00014061490946915,-0.00028762139845639467,-9.58738019107841e-05,0.0,-0.00026844663079828024,0.0,0.0,0.0,0.0,0.0,0.0,1
1785981704,924053192,10.0,-1.671692196522848,-1.646745506917135,-1.1327136198626917,-4.617746893559591,-4.890387598668234,0.6056202054023743,0.0006775081856176257,-0.00014061490946915,-0.00028762139845639467,-9.58738019107841e-05,0.0,-0.00026844663079828024,0.0,0.0,0.0,0.0,0.0,0.0,1
1785981704,944095134,10.0,-1.6717761198626917,-1.6467693487750452,-1.1327255407916468,-4.617770854626791,-4.890375677739279,0.605644166469574,-0.001597896683961153,-0.00014061490946915,-0.00023968450841493905,-9.58738019107841e-05,0.0,0.0,0.0,0.0,0.0,0.0,0.0,0.0,1
1785981704,964190006,10.0,-1.6717522780047815,-1.64673358598818,-1.1327856222735804,-4.6177828947650355,-4.890423957501547,0.6056321859359741,-0.001597896683961153,-0.00014061490946915,-0.00023968450841493905,-9.58738019107841e-05,0.0,0.0,0.0,0.0,0.0,0.0,0.0,0.0,1
1785981704,983879089,10.0,-1.6717284361468714,-1.6466973463641565,-1.1327374617206019,-4.617758814488546,-4.890412036572592,0.605644166469574,-0.0008053399506025016,-0.00014061490946915,-0.00021571606339421123,-9.58738019107841e-05,0.0,0.0,0.0,0.0,0.0,0.0,0.0,0.0,1
1785981705,4127740,10.0,-1.6715963522540491,-1.6466973463641565,-1.1327016989337366,-4.6177948156939905,-4.890375677739279,0.6056801080703735,0.00015339808305725455,-0.00014061490946915,-0.0001917476038215682,-9.58738019107841e-05,0.0,0.0,0.0,0.0,0.0,0.0,0.0,0.0,1
1785981705,23879528,10.0,-1.6716683546649378,-1.6466854254352015,-1.1327016989337366,-4.6177948156939905,-4.890351716672079,0.6056681275367737,0.00015339808305725455,-0.00014061490946915,-0.0001917476038215682,-9.58738019107841e-05,0.0,0.0,0.0,0.0,0.0,0.0,0.0,0.0,1
1785981705,44188976,10.0,-1.671704117451803,-1.64673358598818,-1.132749382649557,-4.617746893559591,-4.890387598668234,0.6055842638015747,0.00015339808305725455,-0.00014061490946915,-0.00016777915880084038,-7.190534961409867e-05,0.0,0.0,0.0,0.0,0.0,0.0,0.0,0.0,1
1785981705,64497709,10.0,-1.6717403570758265,-1.646721665059225,-1.1327856222735804,-4.61781877676119,-4.890423957501547,0.6056681275367737,-0.00014061490946915,-0.00014061490946915,-0.00016777915880084038,-7.190534961409867e-05,0.0,0.0,0.0,0.0,0.0,0.0,0.0,0.0,1
1785981705,84094524,10.0,-1.6717284361468714,-1.6467812697040003,-1.132749382649557,-4.617722932492391,-4.890423957501547,0.6057160496711731,-0.00014061490946915,-0.00014061490946915,-0.00016777915880084038,-7.190534961409867e-05,0.0,0.0,0.0,0.0,0.0,0.0,0.0,0.0,1
1785981705,104238748,10.0,-1.6717284361468714,-1.6466854254352015,-1.132761303578512,-4.617770854626791,-4.890412036572592,0.605728030204773,-0.00014061490946915,-0.00012783173588104546,-0.00014381069922819734,-7.190534961409867e-05,0.0,0.0,0.0,0.0,0.0,0.0,0.0,0.0,1
1785981705,124058961,10.0,-1.6716201941119593,-1.6466854254352015,-1.132749382649557,-4.617758814488546,-4.890423957501547,0.6057160496711731,-0.00014061490946915,-0.00011504856229294091,-0.00014381069922819734,-7.190534961409867e-05,0.0,0.0,0.0,0.0,0.0,0.0,0.0,0.0,1
1785981705,144088506,10.0,-1.6716802755938929,-1.646721665059225,-1.1327737013446253,-4.6177948156939905,-4.890399638806478,0.6056202054023743,0.00014061490946915,-0.00010226538870483637,-0.00014381069922819734,-7.190534961409867e-05,0.0,0.0,0.0,0.0,0.0,0.0,0.0,0.0,1
1785981705,164100170,10.0,-1.6716564337359827,-1.64673358598818,-1.132761303578512,-4.617746893559591,-4.890412036572592,0.6056681275367737,0.00014061490946915,-0.00010226538870483637,-0.00011984225420746952,-7.190534961409867e-05,0.0,0.0,0.0,0.0,0.0,0.0,0.0,0.0,1
1785981705,184059381,10.0,-1.671716038380758,-1.6466973463641565,-1.1327737013446253,-4.617746893559591,-4.890412036572592,0.6056561470031738,-0.00015339808305725455,-8.948221511673182e-05,-0.00011984225420746952,-7.190534961409867e-05,0.0,0.0,0.0,0.0,0.0,0.0,0.0,0.0,1
1785981705,204121112,10.0,-1.6717522780047815,-1.646721665059225,-1.132761303578512,-4.617746893559591,-4.890363637601034,0.6057160496711731,-0.00015339808305725455,-8.948221511673182e-05,-0.00011984225420746952,-7.190534961409867e-05,0.0,0.0,0.0,0.0,0.0,0.0,0.0,0.0,1
1785981705,224120855,1.0,-1.6716564337359827,-1.646721665059225,-1.1327856222735804,-4.617758814488546,-4.890423957501547,0.605644166469574,-0.00015339808305725455,-8.948221511673182e-05,-0.00011984225420746952,-7.190534961409867e-05,0.0,0.0,0.0,0.0,0.0,0.0,0.0,0.0,1
1785981705,244142770,1.0,-1.6716445128070276,-1.6466496626483362,-1.1327136198626917,-4.617746893559591,-4.890375677739279,0.6056801080703735,-0.00015339808305725455,-7.669904152862728e-05,-9.58738019107841e-05,-7.190534961409867e-05,0.0,0.0,0.0,0.0,0.0,0.0,0.0,0.0,1
1785981705,264855146,1.0,-1.6716201941119593,-1.6466735045062464,-1.132761303578512,-4.617758814488546,-4.890447918568746,0.6055962443351746,0.00015339808305725455,-7.669904152862728e-05,-9.58738019107841e-05,-4.793690095539205e-05,0.0,0.0,0.0,0.0,0.0,0.0,0.0,0.0,1
1785981705,284088850,1.0,-1.671704117451803,-1.6467097441302698,-1.1327374617206019,-4.617770854626791,-4.890399638806478,0.6057040691375732,0.00015339808305725455,-7.669904152862728e-05,-9.58738019107841e-05,-4.793690095539205e-05,0.0,0.0,0.0,0.0,0.0,0.0,0.0,0.0,1
1785981705,305019617,1.0,-1.6717284361468714,-1.6467574278460901,-1.1327374617206019,-4.617770854626791,-4.890399638806478,0.6056920886039734,-0.00015339808305725455,-7.669904152862728e-05,-9.58738019107841e-05,-4.793690095539205e-05,0.0,0.0,0.0,0.0,0.0,0.0,0.0,0.0,1
1785981705,324168443,1.0,-1.671716038380758,-1.646745506917135,-1.1327737013446253,-4.617758814488546,-4.890387598668234,0.6056920886039734,-0.00015339808305725455,-6.391586794052273e-05,-9.58738019107841e-05,-4.793690095539205e-05,0.0,0.0,0.0,0.0,0.0,0.0,0.0,0.0,1
1785981705,344156742,1.0,-1.6716564337359827,-1.6466854254352015,-1.1328094641314905,-4.6177828947650355,-4.890387598668234,0.6056561470031738,-0.00015339808305725455,-6.391586794052273e-05,-9.58738019107841e-05,-4.793690095539205e-05,0.0,0.0,0.0,0.0,0.0,0.0,0.0,0.0,1
1785981705,364140748,1.0,-1.671692196522848,-1.6466973463641565,-1.1327856222735804,-4.617770854626791,-4.890412036572592,0.6056202054023743,-0.00015339808305725455,-6.391586794052273e-05,-9.58738019107841e-05,-4.793690095539205e-05,0.0,0.0,0.0,0.0,0.0,0.0,0.0,0.0,1
1785981705,384397745,1.0,-1.6716802755938929,-1.6466973463641565,-1.1328094641314905,-4.6177828947650355,-4.890375677739279,0.6056561470031738,-0.00015339808305725455,-6.391586794052273e-05,-7.190534961409867e-05,-4.793690095539205e-05,0.0,0.0,0.0,0.0,0.0,0.0,0.0,0.0,1
1785981705,404137134,1.0,-1.6717403570758265,-1.6466854254352015,-1.132749382649557,-4.6177948156939905,-4.890375677739279,0.6056801080703735,-0.00015339808305725455,-6.391586794052273e-05,-7.190534961409867e-05,-4.793690095539205e-05,0.0,0.0,0.0,0.0,0.0,0.0,0.0,0.0,1
1785981705,424545764,1.0,-1.6717403570758265,-1.6466973463641565,-1.1327856222735804,-4.617770854626791,-4.890423957501547,0.6056681275367737,-0.00015339808305725455,-5.1132694352418184e-05,-7.190534961409867e-05,-4.793690095539205e-05,0.0,0.0,0.0,0.0,0.0,0.0,0.0,0.0,1
1785981705,444068908,1.0,-1.6717403570758265,-1.646745506917135,-1.132761303578512,-4.6177828947650355,-4.890423957501547,0.6056321859359741,-0.00015339808305725455,-5.1132694352418184e-05,-7.190534961409867e-05,-4.793690095539205e-05,0.0,0.0,0.0,0.0,0.0,0.0,0.0,0.0,1
1785981705,463943004,1.0,-1.671704117451803,-1.64673358598818,-1.1327136198626917,-4.617758814488546,-4.890363637601034,0.6056920886039734,-0.00015339808305725455,-5.1132694352418184e-05,-7.190534961409867e-05,-4.793690095539205e-05,0.0,0.0,0.0,0.0,0.0,0.0,0.0,0.0,1
1785981705,484088420,1.0,-1.6716201941119593,-1.646745506917135,-1.132749382649557,-4.6177948156939905,-4.890399638806478,0.6056561470031738,-0.00015339808305725455,-5.1132694352418184e-05,-7.190534961409867e-05,-4.793690095539205e-05,0.0,0.0,0.0,0.0,0.0,0.0,0.0,0.0,1
1785981705,504062891,1.0,-1.6716564337359827,-1.6466735045062464,-1.1327136198626917,-4.617758814488546,-4.890423957501547,0.6056920886039734,-0.00015339808305725455,-5.1132694352418184e-05,-7.190534961409867e-05,-4.793690095539205e-05,0.0,0.0,0.0,0.0,0.0,0.0,0.0,0.0,1
1785981705,524186134,1.0,-1.671716038380758,-1.646721665059225,-1.1327255407916468,-4.6177828947650355,-4.890363637601034,0.6056801080703735,-0.00015339808305725455,-5.1132694352418184e-05,-7.190534961409867e-05,-4.793690095539205e-05,0.0,0.0,0.0,0.0,0.0,0.0,0.0,0.0,1
1785981705,544103384,1.0,-1.6717641989337366,-1.6466854254352015,-1.1328094641314905,-4.617770854626791,-4.890387598668234,0.6056920886039734,-0.00015339808305725455,-5.1132694352418184e-05,-7.190534961409867e-05,-4.793690095539205e-05,0.0,0.0,0.0,0.0,0.0,0.0,0.0,0.0,1
1785981705,564109563,1.0,-1.671716038380758,-1.6467097441302698,-1.1327374617206019,-4.6177828947650355,-4.890387598668234,0.605644166469574,-0.00014061490946915,-3.834952076431364e-05,-7.190534961409867e-05,-4.793690095539205e-05,0.0,0.0,0.0,0.0,0.0,0.0,0.0,0.0,1
1785981705,583811283,1.0,-1.671692196522848,-1.646721665059225,-1.1327856222735804,-4.617770854626791,-4.890387598668234,0.6056920886039734,-0.00012783173588104546,-3.834952076431364e-05,-7.190534961409867e-05,-4.793690095539205e-05,0.0,0.0,0.0,0.0,0.0,0.0,0.0,0.0,1
1785981705,604048490,1.0,-1.671692196522848,-1.6466615835772913,-1.1327255407916468,-4.617770854626791,-4.890423957501547,0.6056681275367737,-0.00011504856229294091,-3.834952076431364e-05,-4.793690095539205e-05,-4.793690095539205e-05,0.0,0.0,0.0,0.0,0.0,0.0,0.0,0.0,1
1785981705,624323606,1.0,-1.6716802755938929,-1.6467097441302698,-1.1327856222735804,-4.617806855832235,-4.890399638806478,0.6056561470031738,-0.00011504856229294091,-3.834952076431364e-05,-4.793690095539205e-05,-4.793690095539205e-05,0.0,0.0,0.0,0.0,0.0,0.0,0.0,0.0,1
1785981705,644144058,1.0,-1.6717641989337366,-1.6467097441302698,-1.1327856222735804,-4.6177948156939905,-4.890387598668234,0.6056561470031738,-0.00010226538870483637,-3.834952076431364e-05,-4.793690095539205e-05,-4.793690095539205e-05,0.0,0.0,0.0,0.0,0.0,0.0,0.0,0.0,1
1785981705,664174556,1.0,-1.6716802755938929,-1.6466973463641565,-1.132761303578512,-4.61781877676119,-4.890375677739279,0.6056681275367737,-0.00010226538870483637,-3.834952076431364e-05,-4.793690095539205e-05,-4.793690095539205e-05,0.0,0.0,0.0,0.0,0.0,0.0,0.0,0.0,1
1785981705,684082984,1.0,-1.6717761198626917,-1.646745506917135,-1.1327737013446253,-4.61781877676119,-4.890351716672079,0.605644166469574,-8.948221511673182e-05,-3.834952076431364e-05,-4.793690095539205e-05,-4.793690095539205e-05,0.0,0.0,0.0,0.0,0.0,0.0,0.0,0.0,1
1785981705,703990936,1.0,-1.671716038380758,-1.64673358598818,-1.132761303578512,-4.617758814488546,-4.890351716672079,0.6056681275367737,-8.948221511673182e-05,-3.834952076431364e-05,-4.793690095539205e-05,-4.793690095539205e-05,0.0,0.0,0.0,0.0,0.0,0.0,0.0,0.0,1
1785981705,724165439,1.0,-1.6716802755938929,-1.6466973463641565,-1.132761303578512,-4.617758814488546,-4.890375677739279,0.6056561470031738,-8.948221511673182e-05,-3.834952076431364e-05,-4.793690095539205e-05,-2.3968450477696024e-05,0.0,0.0,0.0,0.0,0.0,0.0,0.0,0.0,1
1785981705,744020223,1.0,-1.671704117451803,-1.64673358598818,-1.1327856222735804,-4.6177348534213465,-4.890435997639791,0.6056920886039734,-7.669904152862728e-05,-3.834952076431364e-05,-4.793690095539205e-05,-2.3968450477696024e-05,0.0,0.0,0.0,0.0,0.0,0.0,0.0,0.0,1
1785981705,764049768,1.0,-1.671704117451803,-1.6466735045062464,-1.1327374617206019,-4.617758814488546,-4.890375677739279,0.6056801080703735,-7.669904152862728e-05,-3.834952076431364e-05,-4.793690095539205e-05,-2.3968450477696024e-05,0.0,0.0,0.0,0.0,0.0,0.0,0.0,0.0,1
1785981705,784012556,1.0,-1.6717641989337366,-1.646721665059225,-1.1327737013446253,-4.617770854626791,-4.890387598668234,0.6056561470031738,-7.669904152862728e-05,-3.834952076431364e-05,-4.793690095539205e-05,-2.3968450477696024e-05,0.0,0.0,0.0,0.0,0.0,0.0,0.0,0.0,1
1785981705,804036617,1.0,-1.671704117451803,-1.6466854254352015,-1.1327374617206019,-4.617770854626791,-4.890375677739279,0.6056321859359741,-6.391586794052273e-05,-2.5566347176209092e-05,-4.793690095539205e-05,-2.3968450477696024e-05,0.0,0.0,0.0,0.0,0.0,0.0,0.0,0.0,1
1785981705,825120925,1.0,-1.6716683546649378,-1.646745506917135,-1.1327856222735804,-4.6177348534213465,-4.890412036572592,0.6056681275367737,-6.391586794052273e-05,-2.5566347176209092e-05,-4.793690095539205e-05,-2.3968450477696024e-05,0.0,0.0,0.0,0.0,0.0,0.0,0.0,0.0,1
1785981705,844071626,1.0,-1.6716683546649378,-1.646721665059225,-1.1327975432025355,-4.617770854626791,-4.890375677739279,0.605644166469574,-6.391586794052273e-05,-2.5566347176209092e-05,-4.793690095539205e-05,-2.3968450477696024e-05,0.0,0.0,0.0,0.0,0.0,0.0,0.0,0.0,1
1785981705,863989353,1.0,-1.671704117451803,-1.6466973463641565,-1.132749382649557,-4.617758814488546,-4.890387598668234,0.6056321859359741,-6.391586794052273e-05,-2.5566347176209092e-05,-4.793690095539205e-05,-2.3968450477696024e-05,0.0,0.0,0.0,0.0,0.0,0.0,0.0,0.0,1
1785981705,884109258,1.0,-1.6717522780047815,-1.6466973463641565,-1.1327255407916468,-4.617710892354147,-4.890387598668234,0.6056082248687744,-6.391586794052273e-05,-2.5566347176209092e-05,-4.793690095539205e-05,-2.3968450477696024e-05,0.0,0.0,0.0,0.0,0.0,0.0,0.0,0.0,1
1785981705,904599905,1.0,-1.671704117451803,-1.646721665059225,-1.1327975432025355,-4.617758814488546,-4.890423957501547,0.6057040691375732,-5.1132694352418184e-05,-2.5566347176209092e-05,-4.793690095539205e-05,-2.3968450477696024e-05,0.0,0.0,0.0,0.0,0.0,0.0,0.0,0.0,1
1785981705,924145936,1.0,-1.671704117451803,-1.6467097441302698,-1.1327737013446253,-4.617758814488546,-4.890435997639791,0.6057040691375732,-5.1132694352418184e-05,-2.5566347176209092e-05,-4.793690095539205e-05,-2.3968450477696024e-05,0.0,0.0,0.0,0.0,0.0,0.0,0.0,0.0,1
1785981705,944163322,1.0,-1.6716802755938929,-1.6466496626483362,-1.1327856222735804,-4.617806855832235,-4.890423957501547,0.6056920886039734,-5.1132694352418184e-05,-2.5566347176209092e-05,-4.793690095539205e-05,-2.3968450477696024e-05,0.0,0.0,0.0,0.0,0.0,0.0,0.0,0.0,1
1785981705,964142084,1.0,-1.671692196522848,-1.64673358598818,-1.1327737013446253,-4.617722932492391,-4.890423957501547,0.6056561470031738,-5.1132694352418184e-05,-2.5566347176209092e-05,-4.793690095539205e-05,-2.3968450477696024e-05,0.0,0.0,0.0,0.0,0.0,0.0,0.0,0.0,1
1785981705,984176874,1.0,-1.671704117451803,-1.6466854254352015,-1.1327856222735804,-4.617758814488546,-4.890435997639791,0.6056082248687744,-5.1132694352418184e-05,-2.5566347176209092e-05,-4.793690095539205e-05,-2.3968450477696024e-05,0.0,0.0,0.0,0.0,0.0,0.0,0.0,0.0,1
1785981706,3998756,1.0,-1.671704117451803,-1.6466973463641565,-1.1327856222735804,-4.617770854626791,-4.890387598668234,0.6056321859359741,-5.1132694352418184e-05,-2.5566347176209092e-05,-4.793690095539205e-05,-2.3968450477696024e-05,0.0,0.0,0.0,0.0,0.0,0.0,0.0,0.0,1
1785981706,24099349,1.0,-1.671716038380758,-1.64673358598818,-1.1327255407916468,-4.6177948156939905,-4.890423957501547,0.6056561470031738,-5.1132694352418184e-05,-2.5566347176209092e-05,-4.793690095539205e-05,-2.3968450477696024e-05,0.0,0.0,0.0,0.0,0.0,0.0,0.0,0.0,1
1785981706,44102907,1.0,-1.6716802755938929,-1.646745506917135,-1.1327737013446253,-4.6177948156939905,-4.890412036572592,0.605644166469574,-3.834952076431364e-05,-2.5566347176209092e-05,-4.793690095539205e-05,-2.3968450477696024e-05,0.0,0.0,0.0,0.0,0.0,0.0,0.0,0.0,1
1785981706,63875436,1.0,-1.671692196522848,-1.6466973463641565,-1.132761303578512,-4.6177828947650355,-4.890387598668234,0.6056561470031738,-3.834952076431364e-05,-2.5566347176209092e-05,-4.793690095539205e-05,-2.3968450477696024e-05,0.0,0.0,0.0,0.0,0.0,0.0,0.0,0.0,1
1785981706,84104299,1.0,-1.6716445128070276,-1.646721665059225,-1.1327737013446253,-4.6177828947650355,-4.890399638806478,0.6056681275367737,-3.834952076431364e-05,-2.5566347176209092e-05,-4.793690095539205e-05,-2.3968450477696024e-05,0.0,0.0,0.0,0.0,0.0,0.0,0.0,0.0,1
1785981706,104494571,1.0,-1.6717284361468714,-1.64673358598818,-1.132749382649557,-4.617758814488546,-4.890412036572592,0.6056561470031738,-3.834952076431364e-05,-2.5566347176209092e-05,-4.793690095539205e-05,-2.3968450477696024e-05,0.0,0.0,0.0,0.0,0.0,0.0,0.0,0.0,1
1785981706,124231338,1.0,-1.6717284361468714,-1.6467097441302698,-1.1327737013446253,-4.6177948156939905,-4.890375677739279,0.6056561470031738,-3.834952076431364e-05,-2.5566347176209092e-05,-4.793690095539205e-05,-2.3968450477696024e-05,0.0,0.0,0.0,0.0,0.0,0.0,0.0,0.0,1
1785981706,143865823,1.0,-1.6717522780047815,-1.6466854254352015,-1.1328094641314905,-4.6177948156939905,-4.890363637601034,0.6056681275367737,-3.834952076431364e-05,-2.5566347176209092e-05,-4.793690095539205e-05,-2.3968450477696024e-05,0.0,0.0,0.0,0.0,0.0,0.0,0.0,0.0,1
1785981706,164032459,1.0,-1.6716683546649378,-1.64673358598818,-1.132749382649557,-4.6177828947650355,-4.890375677739279,0.6056681275367737,-3.834952076431364e-05,-2.5566347176209092e-05,-4.793690095539205e-05,-2.3968450477696024e-05,0.0,0.0,0.0,0.0,0.0,0.0,0.0,0.0,1
1785981706,183902502,1.0,-1.671704117451803,-1.6466973463641565,-1.1327737013446253,-4.617770854626791,-4.890423957501547,0.6056321859359741,-3.834952076431364e-05,-2.5566347176209092e-05,-4.793690095539205e-05,-2.3968450477696024e-05,0.0,0.0,0.0,0.0,0.0,0.0,0.0,0.0,1
1785981706,204071998,1.0,-1.6716802755938929,-1.646721665059225,-1.132749382649557,-4.617758814488546,-4.890351716672079,0.6056801080703735,-3.834952076431364e-05,-2.5566347176209092e-05,-4.793690095539205e-05,-2.3968450477696024e-05,0.0,0.0,0.0,0.0,0.0,0.0,0.0,0.0,1
1785981706,223925590,1.0,-1.671704117451803,-1.6466973463641565,-1.1327374617206019,-4.617770854626791,-4.890387598668234,0.6056561470031738,-3.834952076431364e-05,-2.5566347176209092e-05,-4.793690095539205e-05,-2.3968450477696024e-05,0.0,0.0,0.0,0.0,0.0,0.0,0.0,0.0,1
1785981706,244105100,1.0,-1.6716802755938929,-1.6467574278460901,-1.1327975432025355,-4.6177828947650355,-4.890375677739279,0.6056321859359741,-3.834952076431364e-05,-2.5566347176209092e-05,-4.793690095539205e-05,-2.3968450477696024e-05,0.0,0.0,0.0,0.0,0.0,0.0,0.0,0.0,1
1785981706,264004945,1.0,-1.6716802755938929,-1.6466973463641565,-1.1328094641314905,-4.6177948156939905,-4.890375677739279,0.6056681275367737,-3.834952076431364e-05,-2.5566347176209092e-05,-4.793690095539205e-05,-2.3968450477696024e-05,0.0,0.0,0.0,0.0,0.0,0.0,0.0,0.0,1
1785981706,284139633,1.0,-1.6716445128070276,-1.646721665059225,-1.1328094641314905,-4.617758814488546,-4.890423957501547,0.605644166469574,-3.834952076431364e-05,-2.5566347176209092e-05,-4.793690095539205e-05,-2.3968450477696024e-05,0.0,0.0,0.0,0.0,0.0,0.0,0.0,0.0,1
1785981706,304465293,1.0,-1.6716802755938929,-1.6467097441302698,-1.1327856222735804,-4.617770854626791,-4.890399638806478,0.6056561470031738,-2.5566347176209092e-05,-1.2783173588104546e-05,-4.793690095539205e-05,-2.3968450477696024e-05,0.0,0.0,0.0,0.0,0.0,0.0,0.0,0.0,1
1785981706,324083089,1.0,-1.6716802755938929,-1.646745506917135,-1.132761303578512,-4.6177348534213465,-4.890423957501547,0.6056561470031738,-2.5566347176209092e-05,-1.2783173588104546e-05,-4.793690095539205e-05,-2.3968450477696024e-05,0.0,0.0,0.0,0.0,0.0,0.0,0.0,0.0,1
1785981706,344031810,1.0,-1.6716802755938929,-1.6466735045062464,-1.1327856222735804,-4.6177948156939905,-4.890423957501547,0.6057160496711731,-2.5566347176209092e-05,-1.2783173588104546e-05,-4.793690095539205e-05,-2.3968450477696024e-05,0.0,0.0,0.0,0.0,0.0,0.0,0.0,0.0,1
1785981706,364090919,1.0,-1.671692196522848,-1.6466973463641565,-1.132761303578512,-4.617758814488546,-4.890423957501547,0.6056082248687744,-2.5566347176209092e-05,-1.2783173588104546e-05,-4.793690095539205e-05,-2.3968450477696024e-05,0.0,0.0,0.0,0.0,0.0,0.0,0.0,0.0,1
1785981706,384082078,1.0,-1.6716802755938929,-1.6467097441302698,-1.1327856222735804,-4.6177948156939905,-4.890351716672079,0.6056920886039734,-2.5566347176209092e-05,-1.2783173588104546e-05,-4.793690095539205e-05,-2.3968450477696024e-05,0.0,0.0,0.0,0.0,0.0,0.0,0.0,0.0,1
1785981706,404080390,1.0,-1.6717284361468714,-1.6467097441302698,-1.1328333059894007,-4.617758814488546,-4.890412036572592,0.6056801080703735,-2.5566347176209092e-05,-1.2783173588104546e-05,-4.793690095539205e-05,-2.3968450477696024e-05,0.0,0.0,0.0,0.0,0.0,0.0,0.0,0.0,1
1785981706,423825740,1.0,-1.6716802755938929,-1.6466973463641565,-1.1328213850604456,-4.617746893559591,-4.890412036572592,0.605644166469574,-2.5566347176209092e-05,-1.2783173588104546e-05,-4.793690095539205e-05,-2.3968450477696024e-05,0.0,0.0,0.0,0.0,0.0,0.0,0.0,0.0,1
1785981706,444154977,1.0,-1.6717284361468714,-1.6466735045062464,-1.132749382649557,-4.617770854626791,-4.890351716672079,0.6056321859359741,-2.5566347176209092e-05,-1.2783173588104546e-05,-4.793690095539205e-05,-2.3968450477696024e-05,0.0,0.0,0.0,0.0,0.0,0.0,0.0,0.0,1
1785981706,464480400,1.0,-1.6717403570758265,-1.6466854254352015,-1.1327737013446253,-4.617770854626791,-4.890351716672079,0.605644166469574,-2.5566347176209092e-05,-1.2783173588104546e-05,-4.793690095539205e-05,-2.3968450477696024e-05,0.0,0.0,0.0,0.0,0.0,0.0,0.0,0.0,1
1785981706,484194278,1.0,-1.671692196522848,-1.646745506917135,-1.1327856222735804,-4.617770854626791,-4.890423957501547,0.605644166469574,-2.5566347176209092e-05,-1.2783173588104546e-05,-4.793690095539205e-05,-2.3968450477696024e-05,0.0,0.0,0.0,0.0,0.0,0.0,0.0,0.0,1
1785981706,504298210,1.0,-1.6717284361468714,-1.6466854254352015,-1.132761303578512,-4.617770854626791,-4.890387598668234,0.6056202054023743,-2.5566347176209092e-05,-1.2783173588104546e-05,-4.793690095539205e-05,-2.3968450477696024e-05,0.0,0.0,0.0,0.0,0.0,0.0,0.0,0.0,1
1785981706,524070262,1.0,-1.6717403570758265,-1.6466854254352015,-1.1328213850604456,-4.6177828947650355,-4.890435997639791,0.6056801080703735,-2.5566347176209092e-05,-1.2783173588104546e-05,-4.793690095539205e-05,-2.3968450477696024e-05,0.0,0.0,0.0,0.0,0.0,0.0,0.0,0.0,1
1785981706,544318199,1.0,-1.6716564337359827,-1.6466854254352015,-1.1328333059894007,-4.617758814488546,-4.890412036572592,0.6056082248687744,-2.5566347176209092e-05,-1.2783173588104546e-05,-4.793690095539205e-05,-2.3968450477696024e-05,0.0,0.0,0.0,0.0,0.0,0.0,0.0,0.0,1
1785981706,564088821,1.0,-1.671716038380758,-1.6466735045062464,-1.132761303578512,-4.617758814488546,-4.890399638806478,0.6056321859359741,-2.5566347176209092e-05,-1.2783173588104546e-05,-4.793690095539205e-05,-2.3968450477696024e-05,0.0,0.0,0.0,0.0,0.0,0.0,0.0,0.0,1
1785981706,584103584,1.0,-1.6717284361468714,-1.64673358598818,-1.1328213850604456,-4.617770854626791,-4.890387598668234,0.6056561470031738,-2.5566347176209092e-05,-1.2783173588104546e-05,-4.793690095539205e-05,-2.3968450477696024e-05,0.0,0.0,0.0,0.0,0.0,0.0,0.0,0.0,1
1785981706,604094028,1.0,-1.6716802755938929,-1.646721665059225,-1.1327856222735804,-4.617770854626791,-4.890423957501547,0.605644166469574,-2.5566347176209092e-05,-1.2783173588104546e-05,-4.793690095539205e-05,-2.3968450477696024e-05,0.0,0.0,0.0,0.0,0.0,0.0,0.0,0.0,1
1785981706,624122381,1.0,-1.6716683546649378,-1.646721665059225,-1.1328213850604456,-4.6177948156939905,-4.890423957501547,0.6056801080703735,-2.5566347176209092e-05,-1.2783173588104546e-05,-4.793690095539205e-05,-2.3968450477696024e-05,0.0,0.0,0.0,0.0,0.0,0.0,0.0,0.0,1
1785981706,644061803,1.0,-1.6716321150409144,-1.6466854254352015,-1.1328333059894007,-4.6177348534213465,-4.890423957501547,0.6056920886039734,-2.5566347176209092e-05,-1.2783173588104546e-05,-4.793690095539205e-05,-2.3968450477696024e-05,0.0,0.0,0.0,0.0,0.0,0.0,0.0,0.0,1
1785981706,663955926,1.0,-1.6717284361468714,-1.6466854254352015,-1.1327737013446253,-4.6177948156939905,-4.890375677739279,0.6056801080703735,-2.5566347176209092e-05,-1.2783173588104546e-05,-4.793690095539205e-05,-2.3968450477696024e-05,0.0,0.0,0.0,0.0,0.0,0.0,0.0,0.0,1
1785981706,684110164,1.0,-1.6716802755938929,-1.6466854254352015,-1.1327975432025355,-4.61781877676119,-4.890375677739279,0.6056801080703735,-2.5566347176209092e-05,-1.2783173588104546e-05,-4.793690095539205e-05,-2.3968450477696024e-05,0.0,0.0,0.0,0.0,0.0,0.0,0.0,0.0,1
1785981706,703887939,1.0,-1.6717284361468714,-1.6466973463641565,-1.1327975432025355,-4.617758814488546,-4.890375677739279,0.605644166469574,-2.5566347176209092e-05,-1.2783173588104546e-05,-4.793690095539205e-05,-2.3968450477696024e-05,0.0,0.0,0.0,0.0,0.0,0.0,0.0,0.0,1
1785981706,724079608,1.0,-1.671716038380758,-1.6466973463641565,-1.1328094641314905,-4.617806855832235,-4.890399638806478,0.6056561470031738,-2.5566347176209092e-05,-1.2783173588104546e-05,-4.793690095539205e-05,-2.3968450477696024e-05,0.0,0.0,0.0,0.0,0.0,0.0,0.0,0.0,1
1785981706,744493722,1.0,-1.671692196522848,-1.646721665059225,-1.132761303578512,-4.6177828947650355,-4.890351716672079,0.6056561470031738,-2.5566347176209092e-05,-1.2783173588104546e-05,-4.793690095539205e-05,-2.3968450477696024e-05,0.0,0.0,0.0,0.0,0.0,0.0,0.0,0.0,1
1785981706,764144420,1.0,-1.6716683546649378,-1.6466854254352015,-1.1328213850604456,-4.6177348534213465,-4.890375677739279,0.6056681275367737,-2.5566347176209092e-05,-1.2783173588104546e-05,-4.793690095539205e-05,-2.3968450477696024e-05,0.0,0.0,0.0,0.0,0.0,0.0,0.0,0.0,1
1785981706,784186124,1.0,-1.671704117451803,-1.6466854254352015,-1.1327374617206019,-4.617746893559591,-4.890375677739279,0.6056321859359741,-1.2783173588104546e-05,-1.2783173588104546e-05,-4.793690095539205e-05,-2.3968450477696024e-05,0.0,0.0,0.0,0.0,0.0,0.0,0.0,0.0,1
1785981706,804087400,1.0,-1.6716802755938929,-1.6466854254352015,-1.1327856222735804,-4.617758814488546,-4.890387598668234,0.6056561470031738,-1.2783173588104546e-05,-1.2783173588104546e-05,-4.793690095539205e-05,-2.3968450477696024e-05,0.0,0.0,0.0,0.0,0.0,0.0,0.0,0.0,1
1785981706,824388027,1.0,-1.6716683546649378,-1.646721665059225,-1.1327737013446253,-4.617722932492391,-4.890363637601034,0.6056681275367737,-1.2783173588104546e-05,-1.2783173588104546e-05,-4.793690095539205e-05,-2.3968450477696024e-05,0.0,0.0,0.0,0.0,0.0,0.0,0.0,0.0,1
1785981706,844082832,1.0,-1.6717284361468714,-1.6466854254352015,-1.1327975432025355,-4.617746893559591,-4.890412036572592,0.6056920886039734,-1.2783173588104546e-05,-1.2783173588104546e-05,-4.793690095539205e-05,-2.3968450477696024e-05,0.0,0.0,0.0,0.0,0.0,0.0,0.0,0.0,1
1785981706,864179849,1.0,-1.671716038380758,-1.6466854254352015,-1.132749382649557,-4.617746893559591,-4.890387598668234,0.6056321859359741,-1.2783173588104546e-05,-1.2783173588104546e-05,-4.793690095539205e-05,-2.3968450477696024e-05,0.0,0.0,0.0,0.0,0.0,0.0,0.0,0.0,1
1785981706,884017467,1.0,-1.671692196522848,-1.6466735045062464,-1.132761303578512,-4.6177948156939905,-4.890435997639791,0.6057160496711731,-1.2783173588104546e-05,-1.2783173588104546e-05,-4.793690095539205e-05,-2.3968450477696024e-05,0.0,0.0,0.0,0.0,0.0,0.0,0.0,0.0,1
1785981706,904222726,1.0,-1.6717284361468714,-1.6467097441302698,-1.1327737013446253,-4.6177348534213465,-4.890351716672079,0.6056321859359741,-1.2783173588104546e-05,-1.2783173588104546e-05,-4.793690095539205e-05,-2.3968450477696024e-05,0.0,0.0,0.0,0.0,0.0,0.0,0.0,0.0,1
1785981706,924059152,1.0,-1.671692196522848,-1.64673358598818,-1.1327975432025355,-4.617770854626791,-4.890412036572592,0.6057040691375732,-1.2783173588104546e-05,-1.2783173588104546e-05,-4.793690095539205e-05,-2.3968450477696024e-05,0.0,0.0,0.0,0.0,0.0,0.0,0.0,0.0,1
1785981706,944088220,1.0,-1.671692196522848,-1.6466973463641565,-1.1328094641314905,-4.617758814488546,-4.890387598668234,0.6056321859359741,-1.2783173588104546e-05,-1.2783173588104546e-05,-4.793690095539205e-05,-2.3968450477696024e-05,0.0,0.0,0.0,0.0,0.0,0.0,0.0,0.0,1
1785981706,964155435,1.0,-1.671704117451803,-1.646721665059225,-1.1327737013446253,-4.6177828947650355,-4.890399638806478,0.605644166469574,-1.2783173588104546e-05,-1.2783173588104546e-05,-4.793690095539205e-05,-2.3968450477696024e-05,0.0,0.0,0.0,0.0,0.0,0.0,0.0,0.0,1
1785981706,984012126,1.0,-1.671692196522848,-1.6466854254352015,-1.1327856222735804,-4.617722932492391,-4.890399638806478,0.6057040691375732,-1.2783173588104546e-05,-1.2783173588104546e-05,-2.3968450477696024e-05,-2.3968450477696024e-05,0.0,0.0,0.0,0.0,0.0,0.0,0.0,0.0,1
1785981707,3996372,0.01,-1.6717284361468714,-1.6467574278460901,-1.1328213850604456,-4.617806855832235,-4.890399638806478,0.605644166469574,-1.2783173588104546e-05,-1.2783173588104546e-05,-2.3968450477696024e-05,-2.3968450477696024e-05,0.0,0.0,0.0,0.0,0.0,0.0,0.0,0.0,1
1785981707,23911237,0.01,-1.6717522780047815,-1.6466615835772913,-1.1327856222735804,-4.617746893559591,-4.890375677739279,0.6056321859359741,-1.2783173588104546e-05,-1.2783173588104546e-05,-2.3968450477696024e-05,-2.3968450477696024e-05,0.0,0.0,0.0,0.0,0.0,0.0,0.0,0.0,1
1785981707,44195890,0.01,-1.6717284361468714,-1.64673358598818,-1.1327975432025355,-4.61781877676119,-4.890387598668234,0.6055962443351746,-1.2783173588104546e-05,-1.2783173588104546e-05,-2.3968450477696024e-05,-2.3968450477696024e-05,0.0,0.0,0.0,0.0,0.0,0.0,0.0,0.0,1
1785981707,63829660,0.01,-1.6717403570758265,-1.6467097441302698,-1.1328094641314905,-4.61781877676119,-4.890423957501547,0.6056202054023743,-1.2783173588104546e-05,-1.2783173588104546e-05,-2.3968450477696024e-05,0.0,0.0,0.0,0.0,0.0,0.0,0.0,0.0,0.0,1
1785981707,84113597,0.01,-1.671704117451803,-1.6466735045062464,-1.1328333059894007,-4.617710892354147,-4.890375677739279,0.6057040691375732,-1.2783173588104546e-05,-1.2783173588104546e-05,-2.3968450477696024e-05,0.0,0.0,0.0,0.0,0.0,0.0,0.0,0.0,0.0,1
1785981707,104657888,0.01,-1.6716564337359827,-1.646721665059225,-1.1328094641314905,-4.617770854626791,-4.890387598668234,0.6056202054023743,-1.2783173588104546e-05,-1.2783173588104546e-05,-2.3968450477696024e-05,0.0,0.0,0.0,0.0,0.0,0.0,0.0,0.0,0.0,1
1785981707,124079465,0.01,-1.6716802755938929,-1.6467574278460901,-1.1328333059894007,-4.6177828947650355,-4.890387598668234,0.605644166469574,-1.2783173588104546e-05,-1.2783173588104546e-05,-2.3968450477696024e-05,0.0,0.0,0.0,0.0,0.0,0.0,0.0,0.0,0.0,1
1785981707,144055366,0.01,-1.6716683546649378,-1.646745506917135,-1.1328213850604456,-4.6177828947650355,-4.890399638806478,0.6056561470031738,-1.2783173588104546e-05,-1.2783173588104546e-05,-2.3968450477696024e-05,0.0,0.0,0.0,0.0,0.0,0.0,0.0,0.0,0.0,1
1785981707,164034605,0.01,-1.671692196522848,-1.6467097441302698,-1.1327856222735804,-4.617770854626791,-4.890375677739279,0.6056561470031738,-1.2783173588104546e-05,-1.2783173588104546e-05,-2.3968450477696024e-05,0.0,0.0,0.0,0.0,0.0,0.0,0.0,0.0,0.0,1
1785981707,185437202,0.01,-1.6717284361468714,-1.6467693487750452,-1.1327975432025355,-4.617770854626791,-4.890412036572592,0.6056681275367737,-1.2783173588104546e-05,-1.2783173588104546e-05,-2.3968450477696024e-05,0.0,0.0,0.0,0.0,0.0,0.0,0.0,0.0,0.0,1
1785981707,204021692,0.01,-1.671692196522848,-1.64673358598818,-1.1327737013446253,-4.617710892354147,-4.890423957501547,0.6056082248687744,-1.2783173588104546e-05,-1.2783173588104546e-05,-2.3968450477696024e-05,0.0,0.0,0.0,0.0,0.0,0.0,0.0,0.0,0.0,1
1785981707,223999261,0.01,-1.6716683546649378,-1.646721665059225,-1.1327975432025355,-4.6177948156939905,-4.890363637601034,0.6056561470031738,-1.2783173588104546e-05,-1.2783173588104546e-05,-2.3968450477696024e-05,0.0,0.0,0.0,0.0,0.0,0.0,0.0,0.0,0.0,1
1785981707,244143009,0.01,-1.6716802755938929,-1.6466615835772913,-1.1328452269183558,-4.6177348534213465,-4.890375677739279,0.605644166469574,-1.2783173588104546e-05,-1.2783173588104546e-05,-2.3968450477696024e-05,0.0,0.0,0.0,0.0,0.0,0.0,0.0,0.0,0.0,1
1785981707,264122962,0.01,-1.6717284361468714,-1.6466973463641565,-1.1328094641314905,-4.6177828947650355,-4.890399638806478,0.6057040691375732,-1.2783173588104546e-05,-1.2783173588104546e-05,-2.3968450477696024e-05,0.0,0.0,0.0,0.0,0.0,0.0,0.0,0.0,0.0,1
1785981707,284119606,0.01,-1.671692196522848,-1.646745506917135,-1.1328452269183558,-4.6177948156939905,-4.890423957501547,0.6056681275367737,-1.2783173588104546e-05,-1.2783173588104546e-05,-2.3968450477696024e-05,0.0,0.0,0.0,0.0,0.0,0.0,0.0,0.0,0.0,1
1785981707,303981065,0.01,-1.6717522780047815,-1.646745506917135,-1.1327737013446253,-4.617710892354147,-4.890399638806478,0.605644166469574,-1.2783173588104546e-05,-1.2783173588104546e-05,-2.3968450477696024e-05,0.0,0.0,0.0,0.0,0.0,0.0,0.0,0.0,0.0,1
1785981707,324013710,0.01,-1.671692196522848,-1.6466615835772913,-1.1327975432025355,-4.617806855832235,-4.890363637601034,0.6056801080703735,-1.2783173588104546e-05,-1.2783173588104546e-05,-2.3968450477696024e-05,0.0,0.0,0.0,0.0,0.0,0.0,0.0,0.0,0.0,1
1785981707,343950986,0.01,-1.671692196522848,-1.6466496626483362,-1.1328094641314905,-4.617722932492391,-4.890387598668234,0.605644166469574,-1.2783173588104546e-05,-1.2783173588104546e-05,-2.3968450477696024e-05,0.0,0.0,0.0,0.0,0.0,0.0,0.0,0.0,0.0,1
1785981707,364144802,0.01,-1.6716683546649378,-1.6466854254352015,-1.1328213850604456,-4.617746893559591,-4.890423957501547,0.6056681275367737,-1.2783173588104546e-05,-1.2783173588104546e-05,-2.3968450477696024e-05,0.0,0.0,0.0,0.0,0.0,0.0,0.0,0.0,0.0,1
1785981707,383889436,0.01,-1.6717284361468714,-1.6466615835772913,-1.1328333059894007,-4.617758814488546,-4.890399638806478,0.6056681275367737,-1.2783173588104546e-05,-1.2783173588104546e-05,-2.3968450477696024e-05,0.0,0.0,0.0,0.0,0.0,0.0,0.0,0.0,0.0,1
1785981707,404108762,0.01,-1.671704117451803,-1.64673358598818,-1.1327856222735804,-4.617770854626791,-4.890423957501547,0.6056561470031738,-1.2783173588104546e-05,-1.2783173588104546e-05,-2.3968450477696024e-05,0.0,0.0,0.0,0.0,0.0,0.0,0.0,0.0,0.0,1
1785981707,423995494,0.01,-1.6716802755938929,-1.6467693487750452,-1.1327975432025355,-4.617770854626791,-4.890423957501547,0.6056321859359741,-1.2783173588104546e-05,-1.2783173588104546e-05,-2.3968450477696024e-05,0.0,0.0,0.0,0.0,0.0,0.0,0.0,0.0,0.0,1
1785981707,444152355,0.01,-1.6716445128070276,-1.646721665059225,-1.1328213850604456,-4.6177348534213465,-4.890399638806478,0.6056321859359741,-1.2783173588104546e-05,-1.2783173588104546e-05,-2.3968450477696024e-05,0.0,0.0,0.0,0.0,0.0,0.0,0.0,0.0,0.0,1
1785981707,464123487,0.01,-1.6716802755938929,-1.64673358598818,-1.1327975432025355,-4.617770854626791,-4.890423957501547,0.6056681275367737,-1.2783173588104546e-05,-1.2783173588104546e-05,-2.3968450477696024e-05,0.0,0.0,0.0,0.0,0.0,0.0,0.0,0.0,0.0,1
1785981707,484057426,0.01,-1.6716564337359827,-1.646625820790426,-1.1328213850604456,-4.617746893559591,-4.890375677739279,0.6056561470031738,-1.2783173588104546e-05,-1.2783173588104546e-05,-2.3968450477696024e-05,0.0,0.0,0.0,0.0,0.0,0.0,0.0,0.0,0.0,1
1785981707,504836320,0.01,-1.671716038380758,-1.6467097441302698,-1.1328333059894007,-4.617758814488546,-4.890423957501547,0.6056561470031738,-1.2783173588104546e-05,-1.2783173588104546e-05,-2.3968450477696024e-05,0.0,0.0,0.0,0.0,0.0,0.0,0.0,0.0,0.0,1
1785981707,524031162,0.01,-1.671716038380758,-1.6466854254352015,-1.1327856222735804,-4.6177948156939905,-4.890375677739279,0.6056561470031738,-1.2783173588104546e-05,-1.2783173588104546e-05,-2.3968450477696024e-05,0.0,0.0,0.0,0.0,0.0,0.0,0.0,0.0,0.0,1
1785981707,543862104,0.01,-1.6717641989337366,-1.64673358598818,-1.1327975432025355,-4.61781877676119,-4.890435997639791,0.6056801080703735,-1.2783173588104546e-05,-1.2783173588104546e-05,-2.3968450477696024e-05,0.0,0.0,0.0,0.0,0.0,0.0,0.0,0.0,0.0,1
1785981707,564106941,0.01,-1.6716802755938929,-1.6466735045062464,-1.1327856222735804,-4.6177948156939905,-4.890387598668234,0.6056321859359741,-1.2783173588104546e-05,-1.2783173588104546e-05,-2.3968450477696024e-05,0.0,0.0,0.0,0.0,0.0,0.0,0.0,0.0,0.0,1
1785981707,585010290,0.01,-1.671704117451803,-1.646721665059225,-1.1328333059894007,-4.617758814488546,-4.890423957501547,0.6057040691375732,-1.2783173588104546e-05,-1.2783173588104546e-05,-2.3968450477696024e-05,0.0,0.0,0.0,0.0,0.0,0.0,0.0,0.0,0.0,1
1785981707,604060888,0.01,-1.671704117451803,-1.64673358598818,-1.1327856222735804,-4.617746893559591,-4.890351716672079,0.6056561470031738,-1.2783173588104546e-05,-1.2783173588104546e-05,-2.3968450477696024e-05,0.0,0.0,0.0,0.0,0.0,0.0,0.0,0.0,0.0,1
1785981707,623959302,0.01,-1.671704117451803,-1.6467097441302698,-1.132761303578512,-4.6177948156939905,-4.890399638806478,0.6056681275367737,-1.2783173588104546e-05,-1.2783173588104546e-05,-2.3968450477696024e-05,0.0,0.0,0.0,0.0,0.0,0.0,0.0,0.0,0.0,1
1785981707,644134283,0.01,-1.6716802755938929,-1.6466615835772913,-1.1328452269183558,-4.617770854626791,-4.890399638806478,0.6056561470031738,-1.2783173588104546e-05,-1.2783173588104546e-05,-2.3968450477696024e-05,0.0,0.0,0.0,0.0,0.0,0.0,0.0,0.0,0.0,1
1785981707,664784908,0.01,-1.671704117451803,-1.6467574278460901,-1.1327856222735804,-4.6177948156939905,-4.890387598668234,0.6056801080703735,-1.2783173588104546e-05,-1.2783173588104546e-05,-2.3968450477696024e-05,0.0,0.0,0.0,0.0,0.0,0.0,0.0,0.0,0.0,1
1785981707,684136867,0.01,-1.6717284361468714,-1.6466973463641565,-1.1328333059894007,-4.6177828947650355,-4.890387598668234,0.605644166469574,-1.2783173588104546e-05,-1.2783173588104546e-05,-2.3968450477696024e-05,0.0,0.0,0.0,0.0,0.0,0.0,0.0,0.0,0.0,1
1785981707,704131364,0.01,-1.6716564337359827,-1.646745506917135,-1.1328094641314905,-4.6177828947650355,-4.890375677739279,0.6057040691375732,-1.2783173588104546e-05,-1.2783173588104546e-05,-2.3968450477696024e-05,0.0,0.0,0.0,0.0,0.0,0.0,0.0,0.0,0.0,1
1785981707,724097728,0.01,-1.671704117451803,-1.6466973463641565,-1.1327737013446253,-4.617758814488546,-4.890399638806478,0.6056801080703735,-1.2783173588104546e-05,-1.2783173588104546e-05,-2.3968450477696024e-05,0.0,0.0,0.0,0.0,0.0,0.0,0.0,0.0,0.0,1
1785981707,744086503,0.01,-1.671704117451803,-1.6467097441302698,-1.1327856222735804,-4.617770854626791,-4.890375677739279,0.6056681275367737,-1.2783173588104546e-05,-1.2783173588104546e-05,-2.3968450477696024e-05,0.0,0.0,0.0,0.0,0.0,0.0,0.0,0.0,0.0,1
1785981707,764106988,0.01,-1.6716802755938929,-1.646721665059225,-1.132761303578512,-4.6177828947650355,-4.890399638806478,0.605644166469574,-1.2783173588104546e-05,-1.2783173588104546e-05,-2.3968450477696024e-05,0.0,0.0,0.0,0.0,0.0,0.0,0.0,0.0,0.0,1
1785981707,784556388,0.01,-1.6717641989337366,-1.6467097441302698,-1.1327856222735804,-4.6177828947650355,-4.890387598668234,0.6056321859359741,-1.2783173588104546e-05,-0.0,-2.3968450477696024e-05,0.0,0.0,0.0,0.0,0.0,0.0,0.0,0.0,0.0,1
1785981707,804098606,0.01,-1.6717284361468714,-1.64673358598818,-1.1328094641314905,-4.61781877676119,-4.890399638806478,0.6056801080703735,-1.2783173588104546e-05,-0.0,-2.3968450477696024e-05,0.0,0.0,0.0,0.0,0.0,0.0,0.0,0.0,0.0,1
1785981707,823956251,0.01,-1.671716038380758,-1.646745506917135,-1.1328094641314905,-4.617746893559591,-4.890375677739279,0.6056681275367737,-1.2783173588104546e-05,-0.0,-2.3968450477696024e-05,0.0,0.0,0.0,0.0,0.0,0.0,0.0,0.0,0.0,1
1785981707,844109296,0.01,-1.671692196522848,-1.6466854254352015,-1.1328333059894007,-4.617722932492391,-4.890412036572592,0.6056681275367737,-1.2783173588104546e-05,-0.0,-2.3968450477696024e-05,0.0,0.0,0.0,0.0,0.0,0.0,0.0,0.0,0.0,1
1785981707,864026784,0.01,-1.6716564337359827,-1.6467097441302698,-1.1327856222735804,-4.617758814488546,-4.890375677739279,0.6056321859359741,-1.2783173588104546e-05,-0.0,-2.3968450477696024e-05,0.0,0.0,0.0,0.0,0.0,0.0,0.0,0.0,0.0,1
1785981707,884056091,0.01,-1.6716683546649378,-1.646721665059225,-1.1327856222735804,-4.6177828947650355,-4.890399638806478,0.605644166469574,-1.2783173588104546e-05,-0.0,-2.3968450477696024e-05,0.0,0.0,0.0,0.0,0.0,0.0,0.0,0.0,0.0,1
1785981707,904156446,0.0,-1.6717641989337366,-1.6467574278460901,-1.1327737013446253,-4.617758814488546,-4.890387598668234,0.6056561470031738,-1.2783173588104546e-05,-0.0,-2.3968450477696024e-05,0.0,0.0,0.0,0.0,0.0,0.0,0.0,0.0,0.0,1
1785981707,924059867,0.0,-1.6716802755938929,-1.646721665059225,-1.1328333059894007,-4.617722932492391,-4.890423957501547,0.6056561470031738,-1.2783173588104546e-05,-0.0,-2.3968450477696024e-05,0.0,0.0,0.0,0.0,0.0,0.0,0.0,0.0,0.0,1
1785981707,944137573,0.0,-1.6716802755938929,-1.64673358598818,-1.1327975432025355,-4.617746893559591,-4.890375677739279,0.605644166469574,-1.2783173588104546e-05,-0.0,-2.3968450477696024e-05,0.0,0.0,0.0,0.0,0.0,0.0,0.0,0.0,0.0,1
1785981707,964172601,0.0,-1.6717284361468714,-1.6467097441302698,-1.1327975432025355,-4.617758814488546,-4.890423957501547,0.6056801080703735,-1.2783173588104546e-05,-0.0,-2.3968450477696024e-05,0.0,0.0,0.0,0.0,0.0,0.0,0.0,0.0,0.0,1
1785981707,983914136,0.0,-1.671716038380758,-1.6467574278460901,-1.1328333059894007,-4.6177948156939905,-4.890363637601034,0.6056321859359741,-1.2783173588104546e-05,-0.0,-2.3968450477696024e-05,0.0,0.0,0.0,0.0,0.0,0.0,0.0,0.0,0.0,1
1785981708,4077911,0.0,-1.6717284361468714,-1.64673358598818,-1.1328333059894007,-4.617770854626791,-4.890387598668234,0.6056920886039734,-1.2783173588104546e-05,-0.0,-2.3968450477696024e-05,0.0,0.0,0.0,0.0,0.0,0.0,0.0,0.0,0.0,1
1785981708,24400711,0.0,-1.6716564337359827,-1.6467097441302698,-1.1327856222735804,-4.617770854626791,-4.890423957501547,0.6056561470031738,-1.2783173588104546e-05,-0.0,-2.3968450477696024e-05,0.0,0.0,0.0,0.0,0.0,0.0,0.0,0.0,0.0,1
1785981708,44148206,0.0,-1.6717403570758265,-1.64673358598818,-1.1327737013446253,-4.617770854626791,-4.890423957501547,0.6056681275367737,-1.2783173588104546e-05,-0.0,-2.3968450477696024e-05,0.0,0.0,0.0,0.0,0.0,0.0,0.0,0.0,0.0,1
1785981708,64006567,0.0,-1.6716683546649378,-1.6466973463641565,-1.1327856222735804,-4.617770854626791,-4.890363637601034,0.6056681275367737,-1.2783173588104546e-05,-0.0,-2.3968450477696024e-05,0.0,0.0,0.0,0.0,0.0,0.0,0.0,0.0,0.0,1
1785981708,84061384,0.0,-1.671704117451803,-1.646745506917135,-1.1328213850604456,-4.617770854626791,-4.890375677739279,0.6056561470031738,-1.2783173588104546e-05,-0.0,-2.3968450477696024e-05,0.0,0.0,0.0,0.0,0.0,0.0,0.0,0.0,0.0,1
1785981708,104125022,0.0,-1.6717522780047815,-1.646721665059225,-1.1328094641314905,-4.6177828947650355,-4.890399638806478,0.6056920886039734,-1.2783173588104546e-05,-0.0,-2.3968450477696024e-05,0.0,0.0,0.0,0.0,0.0,0.0,0.0,0.0,0.0,1
1785981708,124122858,0.0,-1.6716683546649378,-1.64673358598818,-1.1327975432025355,-4.617770854626791,-4.890447918568746,0.6056321859359741,-1.2783173588104546e-05,-0.0,-2.3968450477696024e-05,0.0,0.0,0.0,0.0,0.0,0.0,0.0,0.0,0.0,1
1785981708,144130468,0.0,-1.6717522780047815,-1.64673358598818,-1.1327975432025355,-4.617770854626791,-4.890363637601034,0.605644166469574,-1.2783173588104546e-05,-0.0,-2.3968450477696024e-05,0.0,0.0,0.0,0.0,0.0,0.0,0.0,0.0,0.0,1
1785981708,164093017,0.0,-1.6716683546649378,-1.646745506917135,-1.1327856222735804,-4.617746893559591,-4.890387598668234,0.605644166469574,-1.2783173588104546e-05,-0.0,-2.3968450477696024e-05,0.0,0.0,0.0,0.0,0.0,0.0,0.0,0.0,0.0,1
1785981708,184123277,0.0,-1.671704117451803,-1.6466854254352015,-1.1327975432025355,-4.617758814488546,-4.890399638806478,0.6056321859359741,-1.2783173588104546e-05,-0.0,-2.3968450477696024e-05,0.0,0.0,0.0,0.0,0.0,0.0,0.0,0.0,0.0,1
1785981708,204153299,0.0,-1.6716802755938929,-1.64673358598818,-1.1327856222735804,-4.617758814488546,-4.890363637601034,0.6056561470031738,-1.2783173588104546e-05,-0.0,-2.3968450477696024e-05,0.0,0.0,0.0,0.0,0.0,0.0,0.0,0.0,0.0,1
1785981708,223861455,0.0,-1.6717284361468714,-1.6467574278460901,-1.132761303578512,-4.617758814488546,-4.890387598668234,0.6056561470031738,-1.2783173588104546e-05,-0.0,-2.3968450477696024e-05,0.0,0.0,0.0,0.0,0.0,0.0,0.0,0.0,0.0,1
1785981708,244143724,0.0,-1.6716683546649378,-1.6467097441302698,-1.1328094641314905,-4.617746893559591,-4.890339676533834,0.6056321859359741,-1.2783173588104546e-05,-0.0,-2.3968450477696024e-05,0.0,0.0,0.0,0.0,0.0,0.0,0.0,0.0,0.0,1
1785981708,264194726,0.0,-1.671716038380758,-1.6466854254352015,-1.1327737013446253,-4.617722932492391,-4.890423957501547,0.6056321859359741,0.0,-0.0,-2.3968450477696024e-05,0.0,0.0,0.0,0.0,0.0,0.0,0.0,0.0,0.0,1
1785981708,284121513,0.0,-1.6716564337359827,-1.6466615835772913,-1.1327737013446253,-4.6177348534213465,-4.890399638806478,0.6056920886039734,0.0,-0.0,-2.3968450477696024e-05,0.0,0.0,0.0,0.0,0.0,0.0,0.0,0.0,0.0,1
1785981708,304381847,0.0,-1.6716802755938929,-1.646745506917135,-1.1327737013446253,-4.617806855832235,-4.890447918568746,0.6056321859359741,0.0,-0.0,-2.3968450477696024e-05,0.0,0.0,0.0,0.0,0.0,0.0,0.0,0.0,0.0,1
1785981708,324057817,0.0,-1.671692196522848,-1.6467693487750452,-1.1328094641314905,-4.617770854626791,-4.890363637601034,0.6056561470031738,0.0,-0.0,0.0,0.0,0.0,0.0,0.0,0.0,0.0,0.0,0.0,0.0,1
1785981708,344276905,0.0,-1.671716038380758,-1.646745506917135,-1.1328094641314905,-4.6177828947650355,-4.890351716672079,0.6056681275367737,0.0,-0.0,0.0,0.0,0.0,0.0,0.0,0.0,0.0,0.0,0.0,0.0,1
1785981708,364017724,0.0,-1.671716038380758,-1.64673358598818,-1.1327737013446253,-4.6177948156939905,-4.890399638806478,0.6056321859359741,0.0,-0.0,0.0,0.0,0.0,0.0,0.0,0.0,0.0,0.0,0.0,0.0,1
1785981708,383960485,0.0,-1.671716038380758,-1.646721665059225,-1.1328094641314905,-4.6177948156939905,-4.890387598668234,0.605644166469574,0.0,-0.0,0.0,0.0,0.0,0.0,0.0,0.0,0.0,0.0,0.0,0.0,1
1785981708,404065847,0.0,-1.671704117451803,-1.6466854254352015,-1.1327975432025355,-4.6177828947650355,-4.890423957501547,0.6056561470031738,0.0,-0.0,0.0,0.0,0.0,0.0,0.0,0.0,0.0,0.0,0.0,0.0,1
1785981708,423943758,0.0,-1.671692196522848,-1.6467097441302698,-1.1328333059894007,-4.617770854626791,-4.890387598668234,0.6056561470031738,0.0,-0.0,0.0,0.0,0.0,0.0,0.0,0.0,0.0,0.0,0.0,0.0,1
1785981708,444118738,0.0,-1.6716683546649378,-1.6466854254352015,-1.1327737013446253,-4.617770854626791,-4.890363637601034,0.6056321859359741,0.0,-0.0,0.0,0.0,0.0,0.0,0.0,0.0,0.0,0.0,0.0,0.0,1
1785981708,463882446,0.0,-1.671692196522848,-1.6466735045062464,-1.1328094641314905,-4.617770854626791,-4.890387598668234,0.6056801080703735,0.0,-0.0,0.0,0.0,0.0,0.0,0.0,0.0,0.0,0.0,0.0,0.0,1
1785981708,484158515,0.0,-1.671692196522848,-1.6467574278460901,-1.1328333059894007,-4.6177348534213465,-4.890375677739279,0.6056321859359741,0.0,-0.0,0.0,0.0,0.0,0.0,0.0,0.0,0.0,0.0,0.0,0.0,1
1785981708,504569768,0.0,-1.6716802755938929,-1.6466973463641565,-1.1328213850604456,-4.617758814488546,-4.890447918568746,0.6056202054023743,0.0,-0.0,0.0,0.0,0.0,0.0,0.0,0.0,0.0,0.0,0.0,0.0,1
1785981708,524161100,0.0,-1.6716564337359827,-1.6466735045062464,-1.1328333059894007,-4.617758814488546,-4.890399638806478,0.6056681275367737,0.0,-0.0,0.0,0.0,0.0,0.0,0.0,0.0,0.0,0.0,0.0,0.0,1
1785981708,544177055,0.0,-1.6717880407916468,-1.64673358598818,-1.1327975432025355,-4.617806855832235,-4.890375677739279,0.6056801080703735,0.0,-0.0,0.0,0.0,0.0,0.0,0.0,0.0,0.0,0.0,0.0,0.0,1
1785981708,564057350,0.0,-1.671692196522848,-1.6466973463641565,-1.1327975432025355,-4.617758814488546,-4.890412036572592,0.6056681275367737,0.0,-0.0,0.0,0.0,0.0,0.0,0.0,0.0,0.0,0.0,0.0,0.0,1
1785981708,583971261,0.0,-1.671704117451803,-1.6467574278460901,-1.1327856222735804,-4.61781877676119,-4.890412036572592,0.6056561470031738,0.0,-0.0,0.0,0.0,0.0,0.0,0.0,0.0,0.0,0.0,0.0,0.0,1
1785981708,604137420,0.0,-1.6717284361468714,-1.6466854254352015,-1.1328213850604456,-4.617806855832235,-4.890387598668234,0.6056801080703735,0.0,-0.0,0.0,0.0,0.0,0.0,0.0,0.0,0.0,0.0,0.0,0.0,1
1785981708,624219179,0.0,-1.671692196522848,-1.64673358598818,-1.1328213850604456,-4.617806855832235,-4.890363637601034,0.6056801080703735,0.0,-0.0,0.0,0.0,0.0,0.0,0.0,0.0,0.0,0.0,0.0,0.0,1
1785981708,644086360,0.0,-1.6717284361468714,-1.6466854254352015,-1.1327856222735804,-4.6177348534213465,-4.890375677739279,0.6056202054023743,0.0,-0.0,0.0,0.0,0.0,0.0,0.0,0.0,0.0,0.0,0.0,0.0,1
1785981708,663887262,0.0,-1.671704117451803,-1.646745506917135,-1.1328333059894007,-4.6177948156939905,-4.890412036572592,0.6056561470031738,0.0,-0.0,0.0,0.0,0.0,0.0,0.0,0.0,0.0,0.0,0.0,0.0,1
1785981708,684066057,0.0,-1.6716683546649378,-1.646721665059225,-1.132761303578512,-4.6177948156939905,-4.890399638806478,0.6056681275367737,0.0,-0.0,0.0,0.0,0.0,0.0,0.0,0.0,0.0,0.0,0.0,0.0,1
1785981708,703837156,0.0,-1.6717403570758265,-1.6466735045062464,-1.1327975432025355,-4.617770854626791,-4.890387598668234,0.6056801080703735,0.0,-0.0,0.0,0.0,0.0,0.0,0.0,0.0,0.0,0.0,0.0,0.0,1
1785981708,724176883,0.0,-1.6716683546649378,-1.6466973463641565,-1.1327975432025355,-4.6177828947650355,-4.890375677739279,0.6056561470031738,0.0,-0.0,0.0,0.0,0.0,0.0,0.0,0.0,0.0,0.0,0.0,0.0,1
1785981708,744102716,0.0,-1.671704117451803,-1.64673358598818,-1.132857624684469,-4.617806855832235,-4.890412036572592,0.605644166469574,0.0,-0.0,0.0,0.0,0.0,0.0,0.0,0.0,0.0,0.0,0.0,0.0,1
1785981708,764165878,0.0,-1.671692196522848,-1.646721665059225,-1.1327737013446253,-4.6177348534213465,-4.890387598668234,0.6056561470031738,0.0,-0.0,0.0,0.0,0.0,0.0,0.0,0.0,0.0,0.0,0.0,0.0,1
1785981708,784161806,0.0,-1.6716683546649378,-1.6466973463641565,-1.1328094641314905,-4.617746893559591,-4.890412036572592,0.6056681275367737,0.0,-0.0,0.0,0.0,0.0,0.0,0.0,0.0,0.0,0.0,0.0,0.0,1
1785981708,804056167,0.0,-1.6716802755938929,-1.6467574278460901,-1.1328452269183558,-4.617806855832235,-4.890423957501547,0.6056561470031738,0.0,-0.0,0.0,0.0,0.0,0.0,0.0,0.0,0.0,0.0,0.0,0.0,1
1785981708,824028968,0.0,-1.671692196522848,-1.646721665059225,-1.1328333059894007,-4.617746893559591,-4.890399638806478,0.6056681275367737,0.0,-0.0,0.0,0.0,0.0,0.0,0.0,0.0,0.0,0.0,0.0,0.0,1
1785981708,844113826,0.0,-1.6716802755938929,-1.6466973463641565,-1.1327975432025355,-4.617722932492391,-4.890399638806478,0.6056561470031738,0.0,-0.0,0.0,0.0,0.0,0.0,0.0,0.0,0.0,0.0,0.0,0.0,1
1785981708,864093780,0.0,-1.671692196522848,-1.6466973463641565,-1.1327737013446253,-4.617758814488546,-4.890387598668234,0.6056920886039734,0.0,-0.0,0.0,0.0,0.0,0.0,0.0,0.0,0.0,0.0,0.0,0.0,1
1785981708,884023904,0.0,-1.6716683546649378,-1.6466735045062464,-1.1327856222735804,-4.6177948156939905,-4.890363637601034,0.6056202054023743,0.0,-0.0,0.0,0.0,0.0,0.0,0.0,0.0,0.0,0.0,0.0,0.0,1
1785981708,904062271,0.0,-1.6717761198626917,-1.6466973463641565,-1.1328213850604456,-4.6177948156939905,-4.890375677739279,0.6056321859359741,0.0,-0.0,0.0,0.0,0.0,0.0,0.0,0.0,0.0,0.0,0.0,0.0,1
1785981708,924049615,0.0,-1.671716038380758,-1.64673358598818,-1.1328333059894007,-4.6177948156939905,-4.890387598668234,0.6057160496711731,0.0,-0.0,0.0,0.0,0.0,0.0,0.0,0.0,0.0,0.0,0.0,0.0,1
1785981708,943986892,0.0,-1.6716683546649378,-1.6467693487750452,-1.1328094641314905,-4.617770854626791,-4.890387598668234,0.6056681275367737,0.0,-0.0,0.0,0.0,0.0,0.0,0.0,0.0,0.0,0.0,0.0,0.0,1
1785981708,964137077,0.0,-1.671716038380758,-1.6466973463641565,-1.1328333059894007,-4.61781877676119,-4.890399638806478,0.6056801080703735,0.0,-0.0,0.0,0.0,0.0,0.0,0.0,0.0,0.0,0.0,0.0,0.0,1
1785981708,984262466,0.0,-1.6716683546649378,-1.6466854254352015,-1.1327737013446253,-4.617746893559591,-4.890399638806478,0.6057160496711731,0.0,-0.0,0.0,0.0,0.0,0.0,0.0,0.0,0.0,0.0,0.0,0.0,1
1785981709,4101514,0.0,-1.671716038380758,-1.646745506917135,-1.1328213850604456,-4.617746893559591,-4.890363637601034,0.6056321859359741,0.0,-0.0,0.0,0.0,0.0,0.0,0.0,0.0,0.0,0.0,0.0,0.0,1
1785981709,24123430,0.0,-1.671716038380758,-1.6466615835772913,-1.1328213850604456,-4.617746893559591,-4.890399638806478,0.6056321859359741,0.0,-0.0,0.0,0.0,0.0,0.0,0.0,0.0,0.0,0.0,0.0,0.0,1
1785981709,44087409,0.0,-1.6717284361468714,-1.6466615835772913,-1.1327975432025355,-4.6177828947650355,-4.890423957501547,0.6056321859359741,0.0,-0.0,0.0,0.0,0.0,0.0,0.0,0.0,0.0,0.0,0.0,0.0,1
1785981709,64310789,0.0,-1.6716802755938929,-1.6466854254352015,-1.1328333059894007,-4.617746893559591,-4.890399638806478,0.6056321859359741,0.0,-0.0,0.0,0.0,0.0,0.0,0.0,0.0,0.0,0.0,0.0,0.0,1
1785981709,84104299,0.0,-1.6716802755938929,-1.64673358598818,-1.1328333059894007,-4.617746893559591,-4.890387598668234,0.605644166469574,0.0,-0.0,0.0,0.0,0.0,0.0,0.0,0.0,0.0,0.0,0.0,0.0,1
1785981709,104815006,0.0,-1.671692196522848,-1.6466973463641565,-1.1328094641314905,-4.6177948156939905,-4.890375677739279,0.6056920886039734,0.0,-0.0,0.0,0.0,0.0,0.0,0.0,0.0,0.0,0.0,0.0,0.0,1
1785981709,124125719,0.0,-1.6717403570758265,-1.6466854254352015,-1.1327975432025355,-4.617770854626791,-4.890423957501547,0.605644166469574,0.0,-0.0,0.0,0.0,0.0,0.0,0.0,0.0,0.0,0.0,0.0,0.0,1
1785981709,143943786,0.0,-1.6717284361468714,-1.6467097441302698,-1.1327975432025355,-4.617770854626791,-4.890387598668234,0.6056681275367737,0.0,-0.0,0.0,0.0,0.0,0.0,0.0,0.0,0.0,0.0,0.0,0.0,1
1785981709,164094448,0.0,-1.6717403570758265,-1.6467812697040003,-1.1327856222735804,-4.6177948156939905,-4.890423957501547,0.6056681275367737,0.0,-0.0,0.0,0.0,0.0,0.0,0.0,0.0,0.0,0.0,0.0,0.0,1
1785981709,183842897,0.0,-1.6716802755938929,-1.6466973463641565,-1.132761303578512,-4.61781877676119,-4.890375677739279,0.6056681275367737,0.0,-0.0,0.0,0.0,0.0,0.0,0.0,0.0,0.0,0.0,0.0,0.0,1
1785981709,204087972,0.0,-1.671716038380758,-1.6467574278460901,-1.1328333059894007,-4.6177828947650355,-4.890412036572592,0.6056561470031738,0.0,-0.0,0.0,0.0,0.0,0.0,0.0,0.0,0.0,0.0,0.0,0.0,1
1785981709,223914384,0.0,-1.6717284361468714,-1.646721665059225,-1.1328213850604456,-4.617770854626791,-4.890375677739279,0.605644166469574,0.0,-0.0,0.0,0.0,0.0,0.0,0.0,0.0,0.0,0.0,0.0,0.0,1
1785981709,244156122,0.0,-1.671704117451803,-1.64673358598818,-1.132749382649557,-4.6177348534213465,-4.890412036572592,0.6056920886039734,0.0,-0.0,0.0,0.0,0.0,0.0,0.0,0.0,0.0,0.0,0.0,0.0,1
1785981709,264439582,0.0,-1.671704117451803,-1.6467574278460901,-1.132761303578512,-4.6177828947650355,-4.890387598668234,0.6056202054023743,0.0,-0.0,0.0,0.0,0.0,0.0,0.0,0.0,0.0,0.0,0.0,0.0,1
1785981709,284067153,0.0,-1.671692196522848,-1.646721665059225,-1.1328333059894007,-4.617806855832235,-4.890363637601034,0.6056202054023743,0.0,-0.0,0.0,0.0,0.0,0.0,0.0,0.0,0.0,0.0,0.0,0.0,1
1785981709,304050207,0.0,-1.671704117451803,-1.6466854254352015,-1.1327975432025355,-4.617758814488546,-4.890412036572592,0.6056801080703735,0.0,-0.0,0.0,0.0,0.0,0.0,0.0,0.0,0.0,0.0,0.0,0.0,1
1785981709,324106216,0.0,-1.671704117451803,-1.6466854254352015,-1.1327975432025355,-4.617758814488546,-4.890435997639791,0.6056561470031738,0.0,-0.0,0.0,0.0,0.0,0.0,0.0,0.0,0.0,0.0,0.0,0.0,1
1785981709,344202041,0.0,-1.6717403570758265,-1.646721665059225,-1.1328213850604456,-4.617770854626791,-4.890387598668234,0.6056202054023743,0.0,-0.0,0.0,0.0,0.0,0.0,0.0,0.0,0.0,0.0,0.0,0.0,1
1785981709,364090919,0.0,-1.671692196522848,-1.6466735045062464,-1.1328213850604456,-4.617758814488546,-4.890399638806478,0.6056202054023743,0.0,-0.0,0.0,0.0,0.0,0.0,0.0,0.0,0.0,0.0,0.0,0.0,1
1785981709,383904457,0.0,-1.671692196522848,-1.6467097441302698,-1.1328094641314905,-4.617806855832235,-4.890423957501547,0.6056561470031738,0.0,-0.0,0.0,0.0,0.0,0.0,0.0,0.0,0.0,0.0,0.0,0.0,1
1785981709,404177904,0.0,-1.6717284361468714,-1.646721665059225,-1.1327975432025355,-4.617758814488546,-4.890375677739279,0.6056561470031738,0.0,-0.0,0.0,0.0,0.0,0.0,0.0,0.0,0.0,0.0,0.0,0.0,1
1785981709,423925399,0.0,-1.6717284361468714,-1.6466973463641565,-1.1327975432025355,-4.6177948156939905,-4.890399638806478,0.6056561470031738,0.0,-0.0,0.0,0.0,0.0,0.0,0.0,0.0,0.0,0.0,0.0,0.0,1
1785981709,444127798,0.0,-1.6717284361468714,-1.646745506917135,-1.1328094641314905,-4.617746893559591,-4.890423957501547,0.6056321859359741,0.0,-0.0,0.0,0.0,0.0,0.0,0.0,0.0,0.0,0.0,0.0,0.0,1
1785981709,464140176,0.0,-1.671704117451803,-1.6466735045062464,-1.1328094641314905,-4.6177348534213465,-4.890399638806478,0.6056801080703735,0.0,-0.0,0.0,0.0,0.0,0.0,0.0,0.0,0.0,0.0,0.0,0.0,1
1785981709,484058380,0.0,-1.671716038380758,-1.6466854254352015,-1.1327737013446253,-4.617758814488546,-4.890423957501547,0.6056202054023743,0.0,-0.0,0.0,0.0,0.0,0.0,0.0,0.0,0.0,0.0,0.0,0.0,1
1785981709,504732608,0.0,-1.671716038380758,-1.6467097441302698,-1.1327975432025355,-4.6177948156939905,-4.890412036572592,0.6056202054023743,0.0,-0.0,0.0,0.0,0.0,0.0,0.0,0.0,0.0,0.0,0.0,0.0,1
1785981709,524027109,0.0,-1.671716038380758,-1.64673358598818,-1.1327856222735804,-4.617770854626791,-4.890375677739279,0.605644166469574,0.0,-0.0,0.0,0.0,0.0,0.0,0.0,0.0,0.0,0.0,0.0,0.0,1
1785981709,545172452,0.0,-1.6716802755938929,-1.646721665059225,-1.1328452269183558,-4.617770854626791,-4.890351716672079,0.6056801080703735,0.0,-0.0,0.0,0.0,0.0,0.0,0.0,0.0,0.0,0.0,0.0,0.0,1
1785981709,564102172,0.0,-1.6717403570758265,-1.6466735045062464,-1.1328333059894007,-4.617722932492391,-4.890412036572592,0.6056920886039734,0.0,-0.0,0.0,0.0,0.0,0.0,0.0,0.0,0.0,0.0,0.0,0.0,1
1785981709,584177732,0.0,-1.6717403570758265,-1.6467097441302698,-1.1327975432025355,-4.617746893559591,-4.890351716672079,0.6056321859359741,0.0,-0.0,0.0,0.0,0.0,0.0,0.0,0.0,0.0,0.0,0.0,0.0,1
1785981709,604027509,0.0,-1.671716038380758,-1.6467097441302698,-1.1327975432025355,-4.6177948156939905,-4.890412036572592,0.6056321859359741,0.0,-0.0,0.0,0.0,0.0,0.0,0.0,0.0,0.0,0.0,0.0,0.0,1
1785981709,624218225,0.0,-1.6716564337359827,-1.6467097441302698,-1.1328094641314905,-4.6177828947650355,-4.890399638806478,0.6056681275367737,0.0,-0.0,0.0,0.0,0.0,0.0,0.0,0.0,0.0,0.0,0.0,0.0,1
1785981709,644161701,0.0,-1.671716038380758,-1.6466973463641565,-1.1328213850604456,-4.6177348534213465,-4.890399638806478,0.605644166469574,0.0,-0.0,0.0,0.0,0.0,0.0,0.0,0.0,0.0,0.0,0.0,0.0,1
1785981709,663851022,0.0,-1.671692196522848,-1.6466615835772913,-1.1327856222735804,-4.6177948156939905,-4.890375677739279,0.6056920886039734,0.0,-0.0,0.0,0.0,0.0,0.0,0.0,0.0,0.0,0.0,0.0,0.0,1
1785981709,684042692,0.0,-1.6717403570758265,-1.6466973463641565,-1.1327975432025355,-4.6177828947650355,-4.890375677739279,0.6056561470031738,0.0,-0.0,0.0,0.0,0.0,0.0,0.0,0.0,0.0,0.0,0.0,0.0,1
1785981709,703867912,0.0,-1.671716038380758,-1.6466854254352015,-1.1328094641314905,-4.617770854626791,-4.890375677739279,0.6056801080703735,0.0,-0.0,0.0,0.0,0.0,0.0,0.0,0.0,0.0,0.0,0.0,0.0,1
1785981709,724133968,0.0,-1.671692196522848,-1.646745506917135,-1.1327737013446253,-4.6177348534213465,-4.890435997639791,0.6056801080703735,0.0,-0.0,0.0,0.0,0.0,0.0,0.0,0.0,0.0,0.0,0.0,0.0,1
1785981709,744416475,0.0,-1.6716564337359827,-1.646745506917135,-1.1327975432025355,-4.6177348534213465,-4.890399638806478,0.6056681275367737,0.0,-0.0,0.0,0.0,0.0,0.0,0.0,0.0,0.0,0.0,0.0,0.0,1
1785981709,764095067,0.0,-1.6716802755938929,-1.6467574278460901,-1.1327856222735804,-4.617746893559591,-4.890387598668234,0.6056561470031738,0.0,-0.0,0.0,0.0,0.0,0.0,0.0,0.0,0.0,0.0,0.0,0.0,1
1785981709,784333229,0.0,-1.671716038380758,-1.6466615835772913,-1.1328213850604456,-4.61781877676119,-4.890399638806478,0.6056801080703735,0.0,-0.0,0.0,0.0,0.0,0.0,0.0,0.0,0.0,0.0,0.0,0.0,1
1785981709,804062604,0.0,-1.671692196522848,-1.6466973463641565,-1.1328452269183558,-4.617746893559591,-4.890375677739279,0.6056561470031738,0.0,-0.0,0.0,0.0,0.0,0.0,0.0,0.0,0.0,0.0,0.0,0.0,1
1785981709,824010133,0.0,-1.671716038380758,-1.64673358598818,-1.1328333059894007,-4.617722932492391,-4.890363637601034,0.6056561470031738,0.0,-0.0,0.0,0.0,0.0,0.0,0.0,0.0,0.0,0.0,0.0,0.0,1
1785981709,844105958,0.0,-1.6717284361468714,-1.6466735045062464,-1.1327856222735804,-4.617770854626791,-4.890399638806478,0.605644166469574,0.0,-0.0,0.0,0.0,0.0,0.0,0.0,0.0,0.0,0.0,0.0,0.0,1
1785981709,863861560,0.0,-1.6717403570758265,-1.646745506917135,-1.1327975432025355,-4.617770854626791,-4.890423957501547,0.6056681275367737,0.0,-0.0,0.0,0.0,0.0,0.0,0.0,0.0,0.0,0.0,0.0,0.0,1
1785981709,884135007,0.0,-1.6716802755938929,-1.6466615835772913,-1.1328213850604456,-4.617770854626791,-4.890423957501547,0.605644166469574,0.0,-0.0,0.0,0.0,0.0,0.0,0.0,0.0,0.0,0.0,0.0,0.0,1
1785981709,903900861,0.0,-1.6717403570758265,-1.64673358598818,-1.1327975432025355,-4.617770854626791,-4.890435997639791,0.6056681275367737,0.0,-0.0,0.0,0.0,0.0,0.0,0.0,0.0,0.0,0.0,0.0,0.0,1
1785981709,924147367,0.0,-1.6716683546649378,-1.6467574278460901,-1.1327975432025355,-4.617758814488546,-4.890412036572592,0.6057040691375732,0.0,-0.0,0.0,0.0,0.0,0.0,0.0,0.0,0.0,0.0,0.0,0.0,1
1785981709,943995237,0.0,-1.671692196522848,-1.64673358598818,-1.1327975432025355,-4.617758814488546,-4.890423957501547,0.6056801080703735,0.0,-0.0,0.0,0.0,0.0,0.0,0.0,0.0,0.0,0.0,0.0,0.0,1
1785981709,964091062,0.0,-1.6716683546649378,-1.64673358598818,-1.1327975432025355,-4.617746893559591,-4.890423957501547,0.6056681275367737,0.0,-0.0,0.0,0.0,0.0,0.0,0.0,0.0,0.0,0.0,0.0,0.0,1
1785981709,984159469,0.0,-1.671704117451803,-1.646745506917135,-1.1327856222735804,-4.617746893559591,-4.890375677739279,0.6056321859359741,0.0,-0.0,0.0,0.0,0.0,0.0,0.0,0.0,0.0,0.0,0.0,0.0,1
1785981710,4049062,0.0,-1.6717522780047815,-1.6466973463641565,-1.1328213850604456,-4.617770854626791,-4.890375677739279,0.6056801080703735,0.0,-0.0,0.0,0.0,0.0,0.0,0.0,0.0,0.0,0.0,0.0,0.0,1
1785981710,24025917,0.0,-1.671704117451803,-1.6466735045062464,-1.1327856222735804,-4.617746893559591,-4.890363637601034,0.6056561470031738,0.0,-0.0,0.0,0.0,0.0,0.0,0.0,0.0,0.0,0.0,0.0,0.0,1
1785981710,44126033,0.0,-1.6716802755938929,-1.646721665059225,-1.1328094641314905,-4.6177828947650355,-4.890423957501547,0.6056920886039734,0.0,-0.0,0.0,0.0,0.0,0.0,0.0,0.0,0.0,0.0,0.0,0.0,1
1785981710,64325094,0.0,-1.6716802755938929,-1.6467097441302698,-1.1328333059894007,-4.6177948156939905,-4.890412036572592,0.6056321859359741,0.0,-0.0,0.0,0.0,0.0,0.0,0.0,0.0,0.0,0.0,0.0,0.0,1
1785981710,84059715,0.0,-1.671716038380758,-1.6467097441302698,-1.1327856222735804,-4.6177828947650355,-4.890387598668234,0.6056801080703735,0.0,-0.0,0.0,0.0,0.0,0.0,0.0,0.0,0.0,0.0,0.0,0.0,1
1785981710,104239702,0.0,-1.671704117451803,-1.6466854254352015,-1.1328094641314905,-4.617746893559591,-4.890375677739279,0.6056561470031738,0.0,-0.0,0.0,0.0,0.0,0.0,0.0,0.0,0.0,0.0,0.0,0.0,1
1785981710,124029397,0.0,-1.6717522780047815,-1.6466496626483362,-1.1328094641314905,-4.6177828947650355,-4.890435997639791,0.6057040691375732,0.0,-0.0,0.0,0.0,0.0,0.0,0.0,0.0,0.0,0.0,0.0,0.0,1
1785981710,144052267,0.0,-1.671692196522848,-1.6467097441302698,-1.1328213850604456,-4.617770854626791,-4.890412036572592,0.6056321859359741,0.0,-0.0,0.0,0.0,0.0,0.0,0.0,0.0,0.0,0.0,0.0,0.0,1
1785981710,164068460,0.0,-1.671716038380758,-1.6466973463641565,-1.1328094641314905,-4.6177348534213465,-4.890412036572592,0.6056561470031738,0.0,-0.0,0.0,0.0,0.0,0.0,0.0,0.0,0.0,0.0,0.0,0.0,1
1785981710,185026645,0.0,-1.671704117451803,-1.646745506917135,-1.132749382649557,-4.617806855832235,-4.890375677739279,0.6056321859359741,0.0,-0.0,0.0,0.0,0.0,0.0,0.0,0.0,0.0,0.0,0.0,0.0,1
1785981710,204089164,0.0,-1.6717522780047815,-1.6466854254352015,-1.1327975432025355,-4.617746893559591,-4.890423957501547,0.6057160496711731,0.0,-0.0,0.0,0.0,0.0,0.0,0.0,0.0,0.0,0.0,0.0,0.0,1
1785981710,224328517,0.0,-1.671692196522848,-1.64673358598818,-1.1328094641314905,-4.617758814488546,-4.890351716672079,0.6056321859359741,0.0,-0.0,0.0,0.0,0.0,0.0,0.0,0.0,0.0,0.0,0.0,0.0,1
1785981710,244124412,0.0,-1.6716802755938929,-1.646721665059225,-1.1327975432025355,-4.617746893559591,-4.890423957501547,0.6056681275367737,0.0,-0.0,0.0,0.0,0.0,0.0,0.0,0.0,0.0,0.0,0.0,0.0,1
1785981710,264722108,0.0,-1.6716802755938929,-1.6466854254352015,-1.132857624684469,-4.617746893559591,-4.890363637601034,0.6056561470031738,0.0,-0.0,0.0,0.0,0.0,0.0,0.0,0.0,0.0,0.0,0.0,0.0,1
1785981710,283987760,0.0,-1.671716038380758,-1.6466735045062464,-1.132749382649557,-4.6177828947650355,-4.890375677739279,0.6056920886039734,0.0,-0.0,0.0,0.0,0.0,0.0,0.0,0.0,0.0,0.0,0.0,0.0,1
1785981710,303897142,0.0,-1.6716802755938929,-1.6466854254352015,-1.1328333059894007,-4.6177348534213465,-4.890363637601034,0.6056801080703735,0.0,-0.0,0.0,0.0,0.0,0.0,0.0,0.0,0.0,0.0,0.0,0.0,1
1785981710,324108839,0.0,-1.6717403570758265,-1.6466496626483362,-1.1328213850604456,-4.6177828947650355,-4.890375677739279,0.6056801080703735,0.0,-0.0,0.0,0.0,0.0,0.0,0.0,0.0,0.0,0.0,0.0,0.0,1
1785981710,343915939,0.0,-1.6717284361468714,-1.64673358598818,-1.1328213850604456,-4.6177828947650355,-4.890387598668234,0.6057040691375732,0.0,-0.0,0.0,0.0,0.0,0.0,0.0,0.0,0.0,0.0,0.0,0.0,1
1785981710,364134550,0.0,-1.6716683546649378,-1.6467097441302698,-1.1328333059894007,-4.617758814488546,-4.890363637601034,0.6056561470031738,0.0,-0.0,0.0,0.0,0.0,0.0,0.0,0.0,0.0,0.0,0.0,0.0,1
1785981710,384142637,0.0,-1.6716802755938929,-1.646745506917135,-1.1327856222735804,-4.6177948156939905,-4.890375677739279,0.6057400703430176,0.0,-0.0,0.0,0.0,0.0,0.0,0.0,0.0,0.0,0.0,0.0,0.0,1
1785981710,404102087,0.0,-1.6717284361468714,-1.64673358598818,-1.1327975432025355,-4.617770854626791,-4.890435997639791,0.6056920886039734,0.0,-0.0,0.0,0.0,0.0,0.0,0.0,0.0,0.0,0.0,0.0,0.0,1
1785981710,424131631,0.0,-1.671704117451803,-1.646721665059225,-1.1328213850604456,-4.6177948156939905,-4.890339676533834,0.6056202054023743,0.0,-0.0,0.0,0.0,0.0,0.0,0.0,0.0,0.0,0.0,0.0,0.0,1
1785981710,444083690,0.0,-1.671716038380758,-1.646721665059225,-1.1327737013446253,-4.617758814488546,-4.890399638806478,0.6056920886039734,0.0,-0.0,0.0,0.0,0.0,0.0,0.0,0.0,0.0,0.0,0.0,0.0,1
1785981710,464733600,0.0,-1.671704117451803,-1.6466973463641565,-1.1328333059894007,-4.617746893559591,-4.890363637601034,0.6056561470031738,0.0,-0.0,0.0,0.0,0.0,0.0,0.0,0.0,0.0,0.0,0.0,0.0,1
1785981710,483990192,0.0,-1.6716802755938929,-1.6467574278460901,-1.1327975432025355,-4.617722932492391,-4.890375677739279,0.6056561470031738,0.0,-0.0,0.0,0.0,0.0,0.0,0.0,0.0,0.0,0.0,0.0,0.0,1
1785981710,504602670,0.0,-1.671692196522848,-1.64673358598818,-1.132761303578512,-4.617806855832235,-4.890399638806478,0.6056561470031738,0.0,-0.0,0.0,0.0,0.0,0.0,0.0,0.0,0.0,0.0,0.0,0.0,1
1785981710,524065971,0.0,-1.6717403570758265,-1.6466735045062464,-1.1327975432025355,-4.617746893559591,-4.890363637601034,0.605644166469574,0.0,-0.0,0.0,0.0,0.0,0.0,0.0,0.0,0.0,0.0,0.0,0.0,1
1785981710,543894767,0.0,-1.671716038380758,-1.6466854254352015,-1.1328333059894007,-4.6177828947650355,-4.890375677739279,0.6057040691375732,0.0,-0.0,0.0,0.0,0.0,0.0,0.0,0.0,0.0,0.0,0.0,0.0,1
1785981710,564158678,0.0,-1.671704117451803,-1.6466735045062464,-1.1327975432025355,-4.61781877676119,-4.890423957501547,0.605644166469574,0.0,-0.0,0.0,0.0,0.0,0.0,0.0,0.0,0.0,0.0,0.0,0.0,1
1785981710,584163427,0.0,-1.671704117451803,-1.64673358598818,-1.1328333059894007,-4.617722932492391,-4.890399638806478,0.605644166469574,0.0,-0.0,0.0,0.0,0.0,0.0,0.0,0.0,0.0,0.0,0.0,0.0,1
1785981710,604058980,0.0,-1.6717403570758265,-1.6466973463641565,-1.1328333059894007,-4.617758814488546,-4.890387598668234,0.6056561470031738,0.0,-0.0,0.0,0.0,0.0,0.0,0.0,0.0,0.0,0.0,0.0,0.0,1
1785981710,624364376,0.0,-1.6716564337359827,-1.6467574278460901,-1.1328094641314905,-4.6177828947650355,-4.890399638806478,0.605644166469574,0.0,-0.0,0.0,0.0,0.0,0.0,0.0,0.0,0.0,0.0,0.0,0.0,1
1785981710,644106149,0.0,-1.671716038380758,-1.646745506917135,-1.1328094641314905,-4.617758814488546,-4.890339676533834,0.6056561470031738,0.0,-0.0,0.0,0.0,0.0,0.0,0.0,0.0,0.0,0.0,0.0,0.0,1
1785981710,664681196,0.0,-1.671704117451803,-1.6467693487750452,-1.1328452269183558,-4.6177348534213465,-4.890387598668234,0.6056801080703735,0.0,-0.0,0.0,0.0,0.0,0.0,0.0,0.0,0.0,0.0,0.0,0.0,1
1785981710,684120416,0.0,-1.6716802755938929,-1.6467574278460901,-1.1327975432025355,-4.617758814488546,-4.890339676533834,0.6056561470031738,0.0,-0.0,0.0,0.0,0.0,0.0,0.0,0.0,0.0,0.0,0.0,0.0,1
1785981710,703948736,0.0,-1.6717284361468714,-1.6466735045062464,-1.1327856222735804,-4.617722932492391,-4.890375677739279,0.6056561470031738,0.0,-0.0,0.0,0.0,0.0,0.0,0.0,0.0,0.0,0.0,0.0,0.0,1
1785981710,724056482,0.0,-1.6716802755938929,-1.6466854254352015,-1.1328213850604456,-4.617758814488546,-4.890435997639791,0.605644166469574,0.0,-0.0,0.0,0.0,0.0,0.0,0.0,0.0,0.0,0.0,0.0,0.0,1
1785981710,743887186,0.0,-1.6717284361468714,-1.6466973463641565,-1.132761303578512,-4.617758814488546,-4.890399638806478,0.6056321859359741,0.0,-0.0,0.0,0.0,0.0,0.0,0.0,0.0,0.0,0.0,0.0,0.0,1
1785981710,764144182,0.0,-1.671716038380758,-1.6466735045062464,-1.132761303578512,-4.6177828947650355,-4.890351716672079,0.6056801080703735,0.0,-0.0,0.0,0.0,0.0,0.0,0.0,0.0,0.0,0.0,0.0,0.0,1
1785981710,784628391,0.0,-1.6717284361468714,-1.6467574278460901,-1.1327737013446253,-4.617722932492391,-4.890412036572592,0.6056202054023743,0.0,-0.0,0.0,0.0,0.0,0.0,0.0,0.0,0.0,0.0,0.0,0.0,1
1785981710,804150104,0.0,-1.671692196522848,-1.646721665059225,-1.1327975432025355,-4.617806855832235,-4.890375677739279,0.6056920886039734,0.0,-0.0,0.0,0.0,0.0,0.0,0.0,0.0,0.0,0.0,0.0,0.0,1
1785981710,824109792,0.0,-1.6716564337359827,-1.646721665059225,-1.1327737013446253,-4.6177348534213465,-4.890363637601034,0.605644166469574,0.0,-0.0,0.0,0.0,0.0,0.0,0.0,0.0,0.0,0.0,0.0,0.0,1
1785981710,844082355,0.0,-1.671692196522848,-1.6466854254352015,-1.1327975432025355,-4.617746893559591,-4.890399638806478,0.6056321859359741,0.0,-0.0,0.0,0.0,0.0,0.0,0.0,0.0,0.0,0.0,0.0,0.0,1
1785981710,864850282,0.0,-1.6717403570758265,-1.6466735045062464,-1.132761303578512,-4.617770854626791,-4.890423957501547,0.605644166469574,0.0,-0.0,0.0,0.0,0.0,0.0,0.0,0.0,0.0,0.0,0.0,0.0,1
1785981710,884048461,0.0,-1.671704117451803,-1.646721665059225,-1.1328333059894007,-4.617758814488546,-4.890435997639791,0.6056321859359741,0.0,-0.0,0.0,0.0,0.0,0.0,0.0,0.0,0.0,0.0,0.0,0.0,1
1785981710,903871059,0.0,-1.671704117451803,-1.6467574278460901,-1.1328094641314905,-4.6177948156939905,-4.890351716672079,0.6057040691375732,0.0,-0.0,0.0,0.0,0.0,0.0,0.0,0.0,0.0,0.0,0.0,0.0,1
1785981710,924106836,0.0,-1.671716038380758,-1.6467574278460901,-1.1327856222735804,-4.617758814488546,-4.890387598668234,0.6056681275367737,0.0,-0.0,0.0,0.0,0.0,0.0,0.0,0.0,0.0,0.0,0.0,0.0,1
1785981710,943960905,0.0,-1.671704117451803,-1.64673358598818,-1.1328094641314905,-4.6177828947650355,-4.890412036572592,0.6056561470031738,0.0,-0.0,0.0,0.0,0.0,0.0,0.0,0.0,0.0,0.0,0.0,0.0,1
1785981710,964104652,0.0,-1.6716802755938929,-1.646745506917135,-1.1328333059894007,-4.6177828947650355,-4.890399638806478,0.605644166469574,0.0,-0.0,0.0,0.0,0.0,0.0,0.0,0.0,0.0,0.0,0.0,0.0,1
1785981710,984581470,0.0,-1.671704117451803,-1.6467693487750452,-1.1328213850604456,-4.617770854626791,-4.890423957501547,0.6056920886039734,0.0,-0.0,0.0,0.0,0.0,0.0,0.0,0.0,0.0,0.0,0.0,0.0,1
1785981711,4091501,0.0,-1.6717284361468714,-1.6466854254352015,-1.1327737013446253,-4.617770854626791,-4.890412036572592,0.6056202054023743,0.0,-0.0,0.0,0.0,0.0,0.0,0.0,0.0,0.0,0.0,0.0,0.0,1
1785981711,24120330,0.0,-1.671716038380758,-1.6467097441302698,-1.1327975432025355,-4.617770854626791,-4.890423957501547,0.6056202054023743,0.0,-0.0,0.0,0.0,0.0,0.0,0.0,0.0,0.0,0.0,0.0,0.0,1
1785981711,44107198,0.0,-1.6717284361468714,-1.646745506917135,-1.1327856222735804,-4.617746893559591,-4.890387598668234,0.6056561470031738,0.0,-0.0,0.0,0.0,0.0,0.0,0.0,0.0,0.0,0.0,0.0,0.0,1
1785981711,64084529,0.0,-1.671692196522848,-1.6466973463641565,-1.1328452269183558,-4.617710892354147,-4.890375677739279,0.6055962443351746,0.0,-0.0,0.0,0.0,0.0,0.0,0.0,0.0,0.0,0.0,0.0,0.0,1
1785981711,84036827,0.0,-1.6717284361468714,-1.646721665059225,-1.1327737013446253,-4.617806855832235,-4.890412036572592,0.6056321859359741,0.0,-0.0,0.0,0.0,0.0,0.0,0.0,0.0,0.0,0.0,0.0,0.0,1
1785981711,104188919,0.0,-1.6717522780047815,-1.6467097441302698,-1.1328213850604456,-4.6177948156939905,-4.890363637601034,0.6056681275367737,0.0,-0.0,0.0,0.0,0.0,0.0,0.0,0.0,0.0,0.0,0.0,0.0,1
1785981711,124141931,0.0,-1.6716564337359827,-1.6467097441302698,-1.1328333059894007,-4.617770854626791,-4.890423957501547,0.6056561470031738,0.0,-0.0,0.0,0.0,0.0,0.0,0.0,0.0,0.0,0.0,0.0,0.0,1
1785981711,144344806,0.0,-1.6716683546649378,-1.6466854254352015,-1.132761303578512,-4.6177948156939905,-4.890423957501547,0.6056561470031738,0.0,-0.0,0.0,0.0,0.0,0.0,0.0,0.0,0.0,0.0,0.0,0.0,1
1785981711,164037704,0.0,-1.6717284361468714,-1.646721665059225,-1.1328213850604456,-4.6177348534213465,-4.890399638806478,0.6056321859359741,0.0,-0.0,0.0,0.0,0.0,0.0,0.0,0.0,0.0,0.0,0.0,0.0,1
1785981711,184159517,0.0,-1.6716802755938929,-1.6467097441302698,-1.1328452269183558,-4.617758814488546,-4.890435997639791,0.6057040691375732,0.0,-0.0,0.0,0.0,0.0,0.0,0.0,0.0,0.0,0.0,0.0,0.0,1
1785981711,204066276,0.0,-1.6717284361468714,-1.646721665059225,-1.1328094641314905,-4.6177948156939905,-4.890339676533834,0.6056681275367737,0.0,-0.0,0.0,0.0,0.0,0.0,0.0,0.0,0.0,0.0,0.0,0.0,1
1785981711,223903656,0.0,-1.671704117451803,-1.6466854254352015,-1.1327975432025355,-4.6177948156939905,-4.890363637601034,0.6056202054023743,0.0,-0.0,0.0,0.0,0.0,0.0,0.0,0.0,0.0,0.0,0.0,0.0,1
1785981711,244207620,0.0,-1.6716802755938929,-1.6467097441302698,-1.1328094641314905,-4.617758814488546,-4.890375677739279,0.6056082248687744,0.0,-0.0,0.0,0.0,0.0,0.0,0.0,0.0,0.0,0.0,0.0,0.0,1
1785981711,264032363,0.0,-1.6716802755938929,-1.6466854254352015,-1.1327975432025355,-4.617722932492391,-4.890399638806478,0.605644166469574,0.0,-0.0,0.0,0.0,0.0,0.0,0.0,0.0,0.0,0.0,0.0,0.0,1
1785981711,284082412,0.0,-1.6716683546649378,-1.646745506917135,-1.1327975432025355,-4.617758814488546,-4.890423957501547,0.6056561470031738,0.0,-0.0,0.0,0.0,0.0,0.0,0.0,0.0,0.0,0.0,0.0,0.0,1
1785981711,303820610,0.0,-1.6717403570758265,-1.6467097441302698,-1.1328213850604456,-4.6177828947650355,-4.890351716672079,0.6056561470031738,0.0,-0.0,0.0,0.0,0.0,0.0,0.0,0.0,0.0,0.0,0.0,0.0,1
1785981711,324109554,0.0,-1.6716802755938929,-1.6466615835772913,-1.1327975432025355,-4.6177948156939905,-4.890375677739279,0.605644166469574,0.0,-0.0,0.0,0.0,0.0,0.0,0.0,0.0,0.0,0.0,0.0,0.0,1
1785981711,344188451,0.0,-1.6716683546649378,-1.6466973463641565,-1.1328213850604456,-4.6177828947650355,-4.890351716672079,0.6056561470031738,0.0,-0.0,0.0,0.0,0.0,0.0,0.0,0.0,0.0,0.0,0.0,0.0,1
1785981711,364066123,0.0,-1.6716683546649378,-1.6466973463641565,-1.1327856222735804,-4.617770854626791,-4.890435997639791,0.6056801080703735,0.0,-0.0,0.0,0.0,0.0,0.0,0.0,0.0,0.0,0.0,0.0,0.0,1
1785981711,384123325,0.0,-1.6716802755938929,-1.6466735045062464,-1.1327975432025355,-4.617758814488546,-4.890423957501547,0.6056561470031738,0.0,-0.0,0.0,0.0,0.0,0.0,0.0,0.0,0.0,0.0,0.0,0.0,1
1785981711,404026508,0.0,-1.6717284361468714,-1.6466973463641565,-1.1328213850604456,-4.6177348534213465,-4.890399638806478,0.605644166469574,0.0,-0.0,0.0,0.0,0.0,0.0,0.0,0.0,0.0,0.0,0.0,0.0,1
1785981711,423878908,0.0,-1.6717403570758265,-1.6466973463641565,-1.1328094641314905,-4.61781877676119,-4.890387598668234,0.6056681275367737,0.0,-0.0,0.0,0.0,0.0,0.0,0.0,0.0,0.0,0.0,0.0,0.0,1
1785981711,444122552,0.0,-1.6716802755938929,-1.6466973463641565,-1.132761303578512,-4.617830816899435,-4.890435997639791,0.605644166469574,0.0,-0.0,0.0,0.0,0.0,0.0,0.0,0.0,0.0,0.0,0.0,0.0,1
1785981711,463917016,0.0,-1.671716038380758,-1.64673358598818,-1.1328333059894007,-4.6177828947650355,-4.890435997639791,0.6056561470031738,0.0,-0.0,0.0,0.0,0.0,0.0,0.0,0.0,0.0,0.0,0.0,0.0,1
1785981711,484140396,0.0,-1.671704117451803,-1.6466973463641565,-1.1327975432025355,-4.617770854626791,-4.890399638806478,0.6056321859359741,0.0,-0.0,0.0,0.0,0.0,0.0,0.0,0.0,0.0,0.0,0.0,0.0,1
1785981711,503982543,0.0,-1.6717403570758265,-1.6467097441302698,-1.1327856222735804,-4.6177828947650355,-4.890435997639791,0.6056801080703735,0.0,-0.0,0.0,0.0,0.0,0.0,0.0,0.0,0.0,0.0,0.0,0.0,1
1785981711,524069070,0.0,-1.671704117451803,-1.6466854254352015,-1.1328333059894007,-4.617758814488546,-4.890375677739279,0.6056202054023743,0.0,-0.0,0.0,0.0,0.0,0.0,0.0,0.0,0.0,0.0,0.0,0.0,1
1785981711,543991804,0.0,-1.6717403570758265,-1.64673358598818,-1.1327856222735804,-4.6177828947650355,-4.890375677739279,0.6056801080703735,0.0,-0.0,0.0,0.0,0.0,0.0,0.0,0.0,0.0,0.0,0.0,0.0,1
1785981711,564063072,0.0,-1.6717403570758265,-1.6466735045062464,-1.132761303578512,-4.6177828947650355,-4.890399638806478,0.6056561470031738,0.0,-0.0,0.0,0.0,0.0,0.0,0.0,0.0,0.0,0.0,0.0,0.0,1
1785981711,583837032,0.0,-1.6717403570758265,-1.6466735045062464,-1.1327975432025355,-4.6177828947650355,-4.890412036572592,0.6056681275367737,0.0,-0.0,0.0,0.0,0.0,0.0,0.0,0.0,0.0,0.0,0.0,0.0,1
1785981711,604006767,0.0,-1.671692196522848,-1.6467574278460901,-1.1328333059894007,-4.617722932492391,-4.890363637601034,0.6056681275367737,0.0,-0.0,0.0,0.0,0.0,0.0,0.0,0.0,0.0,0.0,0.0,0.0,1
1785981711,624188423,0.0,-1.6717522780047815,-1.6466973463641565,-1.1327975432025355,-4.617770854626791,-4.890412036572592,0.6056681275367737,0.0,-0.0,0.0,0.0,0.0,0.0,0.0,0.0,0.0,0.0,0.0,0.0,1
1785981711,644138574,0.0,-1.671716038380758,-1.6466735045062464,-1.1327975432025355,-4.617806855832235,-4.890447918568746,0.6056920886039734,0.0,-0.0,0.0,0.0,0.0,0.0,0.0,0.0,0.0,0.0,0.0,0.0,1
1785981711,664082765,0.0,-1.671692196522848,-1.64673358598818,-1.1327856222735804,-4.617722932492391,-4.890387598668234,0.6056202054023743,0.0,-0.0,0.0,0.0,0.0,0.0,0.0,0.0,0.0,0.0,0.0,0.0,1
1785981711,684073925,0.0,-1.6717999617206019,-1.6467574278460901,-1.1328094641314905,-4.617746893559591,-4.890423957501547,0.605644166469574,0.0,-0.0,0.0,0.0,0.0,0.0,0.0,0.0,0.0,0.0,0.0,0.0,1
1785981711,704231500,0.0,-1.671716038380758,-1.646745506917135,-1.1327374617206019,-4.617722932492391,-4.890435997639791,0.6056561470031738,0.0,-0.0,0.0,0.0,0.0,0.0,0.0,0.0,0.0,0.0,0.0,0.0,1
1785981711,724041700,0.0,-1.6717403570758265,-1.6466735045062464,-1.1327975432025355,-4.6177948156939905,-4.890363637601034,0.6056801080703735,0.0,-0.0,0.0,0.0,0.0,0.0,0.0,0.0,0.0,0.0,0.0,0.0,1
1785981711,744179964,0.0,-1.6716802755938929,-1.646721665059225,-1.1327856222735804,-4.617806855832235,-4.890399638806478,0.605644166469574,0.0,-0.0,0.0,0.0,0.0,0.0,0.0,0.0,0.0,0.0,0.0,0.0,1
1785981711,764080047,0.0,-1.671704117451803,-1.6466615835772913,-1.1328213850604456,-4.617770854626791,-4.890423957501547,0.6056561470031738,0.0,-0.0,0.0,0.0,0.0,0.0,0.0,0.0,0.0,0.0,0.0,0.0,1
1785981711,784099340,0.0,-1.671716038380758,-1.6466854254352015,-1.1328333059894007,-4.6177828947650355,-4.890363637601034,0.6056561470031738,0.0,-0.0,0.0,0.0,0.0,0.0,0.0,0.0,0.0,0.0,0.0,0.0,1
1785981711,804117441,0.0,-1.6716683546649378,-1.6466377417193812,-1.1328213850604456,-4.617770854626791,-4.890423957501547,0.6056801080703735,0.0,-0.0,0.0,0.0,0.0,0.0,0.0,0.0,0.0,0.0,0.0,0.0,1
1785981711,824276685,0.0,-1.671716038380758,-1.64673358598818,-1.1327737013446253,-4.617770854626791,-4.890399638806478,0.6056561470031738,0.0,-0.0,0.0,0.0,0.0,0.0,0.0,0.0,0.0,0.0,0.0,0.0,1
1785981711,844153404,0.0,-1.671692196522848,-1.6466973463641565,-1.1328094641314905,-4.617746893559591,-4.890423957501547,0.6056202054023743,0.0,-0.0,0.0,0.0,0.0,0.0,0.0,0.0,0.0,0.0,0.0,0.0,1
1785981711,864453792,0.0,-1.671692196522848,-1.64673358598818,-1.1328213850604456,-4.617758814488546,-4.890387598668234,0.605728030204773,0.0,-0.0,0.0,0.0,0.0,0.0,0.0,0.0,0.0,0.0,0.0,0.0,1
1785981711,884159326,0.0,-1.671716038380758,-1.6467097441302698,-1.1328094641314905,-4.6177828947650355,-4.890423957501547,0.6056321859359741,0.0,-0.0,0.0,0.0,0.0,0.0,0.0,0.0,0.0,0.0,0.0,0.0,1
1785981711,904626607,0.0,-1.671692196522848,-1.646745506917135,-1.1328213850604456,-4.617806855832235,-4.890351716672079,0.6056920886039734,0.0,-0.0,0.0,0.0,0.0,0.0,0.0,0.0,0.0,0.0,0.0,0.0,1
1785981711,924106121,0.0,-1.671704117451803,-1.646721665059225,-1.1328213850604456,-4.617758814488546,-4.890423957501547,0.6057040691375732,0.0,-0.0,0.0,0.0,0.0,0.0,0.0,0.0,0.0,0.0,0.0,0.0,1
1785981711,944216489,0.0,-1.6717284361468714,-1.646745506917135,-1.1328094641314905,-4.6177948156939905,-4.890423957501547,0.6056561470031738,0.0,-0.0,0.0,0.0,0.0,0.0,0.0,0.0,0.0,0.0,0.0,0.0,1
1785981711,964079380,0.0,-1.671692196522848,-1.646745506917135,-1.1327856222735804,-4.617758814488546,-4.890375677739279,0.6056561470031738,0.0,-0.0,0.0,0.0,0.0,0.0,0.0,0.0,0.0,0.0,0.0,0.0,1
1785981711,984004259,0.0,-1.671704117451803,-1.64673358598818,-1.1327856222735804,-4.61781877676119,-4.890447918568746,0.6056801080703735,0.0,-0.0,0.0,0.0,0.0,0.0,0.0,0.0,0.0,0.0,0.0,0.0,1
1785981712,4104614,0.0,-1.671704117451803,-1.64673358598818,-1.1327856222735804,-4.617770854626791,-4.890399638806478,0.6056561470031738,0.0,-0.0,0.0,0.0,0.0,0.0,0.0,0.0,0.0,0.0,0.0,0.0,1
1785981712,24144649,0.0,-1.6717403570758265,-1.6466854254352015,-1.1327856222735804,-4.6177348534213465,-4.890447918568746,0.6056561470031738,0.0,-0.0,0.0,0.0,0.0,0.0,0.0,0.0,0.0,0.0,0.0,0.0,1
1785981712,44076442,0.0,-1.6716564337359827,-1.6467574278460901,-1.1327737013446253,-4.617746893559591,-4.890375677739279,0.6056681275367737,0.0,-0.0,0.0,0.0,0.0,0.0,0.0,0.0,0.0,0.0,0.0,0.0,1
1785981712,63905715,0.0,-1.6717522780047815,-1.64673358598818,-1.132749382649557,-4.6177348534213465,-4.890412036572592,0.605644166469574,0.0,-0.0,0.0,0.0,0.0,0.0,0.0,0.0,0.0,0.0,0.0,0.0,1
1785981712,84104537,0.0,-1.671692196522848,-1.6466735045062464,-1.1328333059894007,-4.61781877676119,-4.890363637601034,0.6056561470031738,0.0,-0.0,0.0,0.0,0.0,0.0,0.0,0.0,0.0,0.0,0.0,0.0,1
1785981712,103907346,0.0,-1.671692196522848,-1.6466973463641565,-1.1327737013446253,-4.6177828947650355,-4.890423957501547,0.6056561470031738,0.0,-0.0,0.0,0.0,0.0,0.0,0.0,0.0,0.0,0.0,0.0,0.0,1
1785981712,124122381,0.0,-1.671716038380758,-1.6467097441302698,-1.1327856222735804,-4.617758814488546,-4.890423957501547,0.6056321859359741,0.0,-0.0,0.0,0.0,0.0,0.0,0.0,0.0,0.0,0.0,0.0,0.0,1
1785981712,144114732,0.0,-1.6716802755938929,-1.646721665059225,-1.1328094641314905,-4.61781877676119,-4.890363637601034,0.6056801080703735,0.0,-0.0,0.0,0.0,0.0,0.0,0.0,0.0,0.0,0.0,0.0,0.0,1
1785981712,164083242,0.0,-1.6716564337359827,-1.64673358598818,-1.1327856222735804,-4.617770854626791,-4.890399638806478,0.6056561470031738,0.0,-0.0,0.0,0.0,0.0,0.0,0.0,0.0,0.0,0.0,0.0,0.0,1
1785981712,184026956,0.0,-1.671716038380758,-1.6466735045062464,-1.1327975432025355,-4.617722932492391,-4.890435997639791,0.6056681275367737,0.0,-0.0,0.0,0.0,0.0,0.0,0.0,0.0,0.0,0.0,0.0,0.0,1
1785981712,204121351,0.0,-1.671716038380758,-1.646721665059225,-1.1328094641314905,-4.6177348534213465,-4.890423957501547,0.605644166469574,0.0,-0.0,0.0,0.0,0.0,0.0,0.0,0.0,0.0,0.0,0.0,0.0,1
1785981712,224061727,0.0,-1.6716802755938929,-1.6466854254352015,-1.1328094641314905,-4.617746893559591,-4.890375677739279,0.6056920886039734,0.0,-0.0,0.0,0.0,0.0,0.0,0.0,0.0,0.0,0.0,0.0,0.0,1
1785981712,244101047,0.0,-1.6717403570758265,-1.64673358598818,-1.1328094641314905,-4.6177948156939905,-4.890412036572592,0.6056681275367737,0.0,-0.0,0.0,0.0,0.0,0.0,0.0,0.0,0.0,0.0,0.0,0.0,1
1785981712,263848304,0.0,-1.671704117451803,-1.64673358598818,-1.132761303578512,-4.617746893559591,-4.890412036572592,0.6055962443351746,0.0,-0.0,0.0,0.0,0.0,0.0,0.0,0.0,0.0,0.0,0.0,0.0,1
1785981712,284115552,0.0,-1.671716038380758,-1.646721665059225,-1.132761303578512,-4.617770854626791,-4.890423957501547,0.6056681275367737,0.0,-0.0,0.0,0.0,0.0,0.0,0.0,0.0,0.0,0.0,0.0,0.0,1
1785981712,304453372,0.0,-1.6716321150409144,-1.6466854254352015,-1.132761303578512,-4.6177348534213465,-4.890399638806478,0.6056561470031738,0.0,-0.0,0.0,0.0,0.0,0.0,0.0,0.0,0.0,0.0,0.0,0.0,1
1785981712,324057579,0.0,-1.671704117451803,-1.6466854254352015,-1.1328452269183558,-4.617806855832235,-4.890387598668234,0.6056561470031738,0.0,-0.0,0.0,0.0,0.0,0.0,0.0,0.0,0.0,0.0,0.0,0.0,1
1785981712,344006061,0.0,-1.671704117451803,-1.6466973463641565,-1.1328213850604456,-4.6177348534213465,-4.890351716672079,0.6056561470031738,0.0,-0.0,0.0,0.0,0.0,0.0,0.0,0.0,0.0,0.0,0.0,0.0,1
1785981712,364100694,0.0,-1.6716321150409144,-1.646745506917135,-1.1327975432025355,-4.617806855832235,-4.890375677739279,0.6056561470031738,0.0,-0.0,0.0,0.0,0.0,0.0,0.0,0.0,0.0,0.0,0.0,0.0,1
1785981712,384099483,0.0,-1.6717284361468714,-1.6467097441302698,-1.1328094641314905,-4.617806855832235,-4.890363637601034,0.6056801080703735,0.0,-0.0,0.0,0.0,0.0,0.0,0.0,0.0,0.0,0.0,0.0,0.0,1
1785981712,404132843,0.0,-1.6717284361468714,-1.64673358598818,-1.1327975432025355,-4.617770854626791,-4.890387598668234,0.6056561470031738,0.0,-0.0,0.0,0.0,0.0,0.0,0.0,0.0,0.0,0.0,0.0,0.0,1
1785981712,423950195,0.0,-1.671692196522848,-1.6467574278460901,-1.1327975432025355,-4.617770854626791,-4.890399638806478,0.6056321859359741,0.0,-0.0,0.0,0.0,0.0,0.0,0.0,0.0,0.0,0.0,0.0,0.0,1
1785981712,444167852,0.0,-1.6717403570758265,-1.6467574278460901,-1.1327856222735804,-4.6177948156939905,-4.890423957501547,0.6057040691375732,0.0,-0.0,0.0,0.0,0.0,0.0,0.0,0.0,0.0,0.0,0.0,0.0,1
1785981712,464049339,0.0,-1.6716802755938929,-1.6466973463641565,-1.1328213850604456,-4.617746893559591,-4.890423957501547,0.6056801080703735,0.0,-0.0,0.0,0.0,0.0,0.0,0.0,0.0,0.0,0.0,0.0,0.0,1
1785981712,484085559,0.0,-1.6716445128070276,-1.6466615835772913,-1.1328094641314905,-4.6177948156939905,-4.890435997639791,0.6056681275367737,0.0,-0.0,0.0,0.0,0.0,0.0,0.0,0.0,0.0,0.0,0.0,0.0,1
1785981712,503952503,0.0,-1.671692196522848,-1.646745506917135,-1.1327975432025355,-4.617758814488546,-4.890399638806478,0.6056082248687744,0.0,-0.0,0.0,0.0,0.0,0.0,0.0,0.0,0.0,0.0,0.0,0.0,1
1785981712,524032115,0.0,-1.671716038380758,-1.6466854254352015,-1.1328333059894007,-4.617770854626791,-4.890375677739279,0.6056561470031738,0.0,-0.0,0.0,0.0,0.0,0.0,0.0,0.0,0.0,0.0,0.0,0.0,1
1785981712,543919801,0.0,-1.671704117451803,-1.6467097441302698,-1.1328213850604456,-4.6177948156939905,-4.890375677739279,0.605644166469574,0.0,-0.0,0.0,0.0,0.0,0.0,0.0,0.0,0.0,0.0,0.0,0.0,1
1785981712,564168214,0.0,-1.671692196522848,-1.6466735045062464,-1.1328213850604456,-4.617806855832235,-4.890423957501547,0.605644166469574,0.0,-0.0,0.0,0.0,0.0,0.0,0.0,0.0,0.0,0.0,0.0,0.0,1
1785981712,583965301,0.0,-1.671692196522848,-1.6467574278460901,-1.1328094641314905,-4.617758814488546,-4.890412036572592,0.6056920886039734,0.0,-0.0,0.0,0.0,0.0,0.0,0.0,0.0,0.0,0.0,0.0,0.0,1
1785981712,604151964,0.0,-1.671704117451803,-1.6467097441302698,-1.1328452269183558,-4.6177828947650355,-4.890399638806478,0.6056801080703735,0.0,-0.0,0.0,0.0,0.0,0.0,0.0,0.0,0.0,0.0,0.0,0.0,1
1785981712,624319076,0.0,-1.6716564337359827,-1.646721665059225,-1.1327856222735804,-4.617770854626791,-4.890375677739279,0.6056561470031738,0.0,-0.0,0.0,0.0,0.0,0.0,0.0,0.0,0.0,0.0,0.0,0.0,1
1785981712,644096612,0.0,-1.671704117451803,-1.6466973463641565,-1.1327975432025355,-4.6177948156939905,-4.890375677739279,0.6056801080703735,0.0,-0.0,0.0,0.0,0.0,0.0,0.0,0.0,0.0,0.0,0.0,0.0,1
1785981712,664798021,0.0,-1.671692196522848,-1.6466854254352015,-1.1328333059894007,-4.6177828947650355,-4.890375677739279,0.6056801080703735,0.0,-0.0,0.0,0.0,0.0,0.0,0.0,0.0,0.0,0.0,0.0,0.0,1
1785981712,683995246,0.0,-1.671716038380758,-1.6466973463641565,-1.1328333059894007,-4.617758814488546,-4.890423957501547,0.6056801080703735,0.0,-0.0,0.0,0.0,0.0,0.0,0.0,0.0,0.0,0.0,0.0,0.0,1
1785981712,703894615,0.0,-1.671692196522848,-1.646721665059225,-1.1328213850604456,-4.617770854626791,-4.890412036572592,0.6056321859359741,0.0,-0.0,0.0,0.0,0.0,0.0,0.0,0.0,0.0,0.0,0.0,0.0,1
1785981712,724058628,0.0,-1.6716564337359827,-1.6467097441302698,-1.132761303578512,-4.6177948156939905,-4.890412036572592,0.6056920886039734,0.0,-0.0,0.0,0.0,0.0,0.0,0.0,0.0,0.0,0.0,0.0,0.0,1
1785981712,744017601,0.0,-1.6716802755938929,-1.646721665059225,-1.1327737013446253,-4.6177828947650355,-4.890399638806478,0.6056681275367737,0.0,-0.0,0.0,0.0,0.0,0.0,0.0,0.0,0.0,0.0,0.0,0.0,1
1785981712,764167070,0.0,-1.671692196522848,-1.6466854254352015,-1.1328213850604456,-4.6177348534213465,-4.890412036572592,0.6056561470031738,0.0,-0.0,0.0,0.0,0.0,0.0,0.0,0.0,0.0,0.0,0.0,0.0,1
1785981712,784630060,0.0,-1.671704117451803,-1.6467693487750452,-1.1328333059894007,-4.617758814488546,-4.890375677739279,0.6056681275367737,0.0,-0.0,0.0,0.0,0.0,0.0,0.0,0.0,0.0,0.0,0.0,0.0,1
1785981712,804112434,0.0,-1.671716038380758,-1.646721665059225,-1.1328333059894007,-4.6177828947650355,-4.890435997639791,0.6056321859359741,0.0,-0.0,0.0,0.0,0.0,0.0,0.0,0.0,0.0,0.0,0.0,0.0,1
1785981712,824607849,0.0,-1.671692196522848,-1.6466973463641565,-1.1327737013446253,-4.6177828947650355,-4.890423957501547,0.6057400703430176,0.0,-0.0,0.0,0.0,0.0,0.0,0.0,0.0,0.0,0.0,0.0,0.0,1
1785981712,844097852,0.0,-1.671704117451803,-1.6467574278460901,-1.1328333059894007,-4.617770854626791,-4.890412036572592,0.605644166469574,0.0,-0.0,0.0,0.0,0.0,0.0,0.0,0.0,0.0,0.0,0.0,0.0,1
1785981712,864090919,0.0,-1.6717284361468714,-1.64673358598818,-1.132749382649557,-4.6177828947650355,-4.890399638806478,0.6056561470031738,0.0,-0.0,0.0,0.0,0.0,0.0,0.0,0.0,0.0,0.0,0.0,0.0,1
1785981712,884056091,0.0,-1.6717284361468714,-1.6466735045062464,-1.1327975432025355,-4.617746893559591,-4.890399638806478,0.6056801080703735,0.0,-0.0,0.0,0.0,0.0,0.0,0.0,0.0,0.0,0.0,0.0,0.0,1
1785981712,903983831,0.0,-1.671716038380758,-1.6466735045062464,-1.1327975432025355,-4.617746893559591,-4.890399638806478,0.6056561470031738,0.0,-0.0,0.0,0.0,0.0,0.0,0.0,0.0,0.0,0.0,0.0,0.0,1
1785981712,924031972,0.0,-1.671692196522848,-1.6467574278460901,-1.1327975432025355,-4.617758814488546,-4.890351716672079,0.6056561470031738,0.0,-0.0,0.0,0.0,0.0,0.0,0.0,0.0,0.0,0.0,0.0,0.0,1
1785981712,943958520,0.0,-1.6716564337359827,-1.6467097441302698,-1.132749382649557,-4.617758814488546,-4.890375677739279,0.6056920886039734,0.0,-0.0,0.0,0.0,0.0,0.0,0.0,0.0,0.0,0.0,0.0,0.0,1
1785981712,964088916,0.0,-1.6717641989337366,-1.64673358598818,-1.1327737013446253,-4.6177948156939905,-4.890447918568746,0.6056321859359741,0.0,-0.0,0.0,0.0,0.0,0.0,0.0,0.0,0.0,0.0,0.0,0.0,1
1785981712,984393835,0.0,-1.671716038380758,-1.6466973463641565,-1.1327975432025355,-4.617746893559591,-4.890423957501547,0.6056681275367737,0.0,-0.0,0.0,0.0,0.0,0.0,0.0,0.0,0.0,0.0,0.0,0.0,1
1785981713,4132270,0.0,-1.6716802755938929,-1.6466973463641565,-1.1328452269183558,-4.617758814488546,-4.890375677739279,0.6056561470031738,0.0,-0.0,0.0,0.0,0.0,0.0,0.0,0.0,0.0,0.0,0.0,0.0,1
1785981713,24270534,0.0,-1.6717284361468714,-1.646721665059225,-1.1328213850604456,-4.617806855832235,-4.890399638806478,0.6056920886039734,0.0,-0.0,0.0,0.0,0.0,0.0,0.0,0.0,0.0,0.0,0.0,0.0,1
1785981713,44100761,0.0,-1.671704117451803,-1.646721665059225,-1.1328213850604456,-4.617746893559591,-4.890363637601034,0.6056202054023743,0.0,-0.0,0.0,0.0,0.0,0.0,0.0,0.0,0.0,0.0,0.0,0.0,1
1785981713,64134359,0.0,-1.671704117451803,-1.6467097441302698,-1.132749382649557,-4.617770854626791,-4.890399638806478,0.605644166469574,0.0,-0.0,0.0,0.0,0.0,0.0,0.0,0.0,0.0,0.0,0.0,0.0,1
1785981713,84127902,0.0,-1.671704117451803,-1.6466973463641565,-1.1327975432025355,-4.617746893559591,-4.890435997639791,0.6056202054023743,0.0,-0.0,0.0,0.0,0.0,0.0,0.0,0.0,0.0,0.0,0.0,0.0,1
1785981713,104064702,0.0,-1.671716038380758,-1.6466854254352015,-1.1328094641314905,-4.617806855832235,-4.890423957501547,0.6056920886039734,0.0,-0.0,0.0,0.0,0.0,0.0,0.0,0.0,0.0,0.0,0.0,0.0,1
1785981713,124100208,0.0,-1.6717284361468714,-1.6466854254352015,-1.1327856222735804,-4.6177828947650355,-4.890423957501547,0.6056561470031738,0.0,-0.0,0.0,0.0,0.0,0.0,0.0,0.0,0.0,0.0,0.0,0.0,1
1785981713,143979310,0.0,-1.6717403570758265,-1.646721665059225,-1.132761303578512,-4.6177828947650355,-4.890447918568746,0.6056920886039734,0.0,-0.0,0.0,0.0,0.0,0.0,0.0,0.0,0.0,0.0,0.0,0.0,1
1785981713,164081573,0.0,-1.671716038380758,-1.6466735045062464,-1.1328333059894007,-4.617746893559591,-4.890423957501547,0.6056202054023743,0.0,-0.0,0.0,0.0,0.0,0.0,0.0,0.0,0.0,0.0,0.0,0.0,1
1785981713,185018062,0.0,-1.6717284361468714,-1.646721665059225,-1.1328213850604456,-4.6177348534213465,-4.890423957501547,0.6056561470031738,0.0,-0.0,0.0,0.0,0.0,0.0,0.0,0.0,0.0,0.0,0.0,0.0,1
1785981713,204117298,0.0,-1.671716038380758,-1.646721665059225,-1.1327737013446253,-4.617770854626791,-4.890375677739279,0.605644166469574,0.0,-0.0,0.0,0.0,0.0,0.0,0.0,0.0,0.0,0.0,0.0,0.0,1
1785981713,224623441,0.0,-1.6716683546649378,-1.646745506917135,-1.1328333059894007,-4.6177948156939905,-4.890363637601034,0.6056920886039734,0.0,-0.0,0.0,0.0,0.0,0.0,0.0,0.0,0.0,0.0,0.0,0.0,1
1785981713,244156837,0.0,-1.6717641989337366,-1.6466973463641565,-1.1327856222735804,-4.617758814488546,-4.890339676533834,0.6056681275367737,0.0,-0.0,0.0,0.0,0.0,0.0,0.0,0.0,0.0,0.0,0.0,0.0,1
1785981713,264392852,0.0,-1.6717403570758265,-1.6466854254352015,-1.1328213850604456,-4.6177948156939905,-4.890412036572592,0.6056920886039734,0.0,-0.0,0.0,0.0,0.0,0.0,0.0,0.0,0.0,0.0,0.0,0.0,1
1785981713,284165382,0.0,-1.6717284361468714,-1.64673358598818,-1.1328213850604456,-4.617758814488546,-4.890399638806478,0.6056920886039734,0.0,-0.0,0.0,0.0,0.0,0.0,0.0,0.0,0.0,0.0,0.0,0.0,1
1785981713,304125785,0.0,-1.6716445128070276,-1.6466973463641565,-1.1328333059894007,-4.6177348534213465,-4.890363637601034,0.6056681275367737,0.0,-0.0,0.0,0.0,0.0,0.0,0.0,0.0,0.0,0.0,0.0,0.0,1
1785981713,324147939,0.0,-1.671704117451803,-1.6467693487750452,-1.1328333059894007,-4.617758814488546,-4.890375677739279,0.6056321859359741,0.0,-0.0,0.0,0.0,0.0,0.0,0.0,0.0,0.0,0.0,0.0,0.0,1
1785981713,344334840,0.0,-1.671716038380758,-1.6466854254352015,-1.1327737013446253,-4.617758814488546,-4.890375677739279,0.605644166469574,0.0,-0.0,0.0,0.0,0.0,0.0,0.0,0.0,0.0,0.0,0.0,0.0,1
1785981713,364023447,0.0,-1.6716683546649378,-1.64673358598818,-1.1327737013446253,-4.6177828947650355,-4.890363637601034,0.6056920886039734,0.0,-0.0,0.0,0.0,0.0,0.0,0.0,0.0,0.0,0.0,0.0,0.0,1
1785981713,384107589,0.0,-1.6717284361468714,-1.64673358598818,-1.1328213850604456,-4.6177948156939905,-4.890399638806478,0.6056561470031738,0.0,-0.0,0.0,0.0,0.0,0.0,0.0,0.0,0.0,0.0,0.0,0.0,1
1785981713,404118299,0.0,-1.6717284361468714,-1.6466973463641565,-1.132761303578512,-4.617758814488546,-4.890412036572592,0.6057040691375732,0.0,-0.0,0.0,0.0,0.0,0.0,0.0,0.0,0.0,0.0,0.0,0.0,1
1785981713,424698829,0.0,-1.671692196522848,-1.64673358598818,-1.1327975432025355,-4.617770854626791,-4.890375677739279,0.6056801080703735,0.0,-0.0,0.0,0.0,0.0,0.0,0.0,0.0,0.0,0.0,0.0,0.0,1
1785981713,444056510,0.0,-1.6717284361468714,-1.6467097441302698,-1.1327975432025355,-4.6177948156939905,-4.890412036572592,0.6056920886039734,0.0,-0.0,0.0,0.0,0.0,0.0,0.0,0.0,0.0,0.0,0.0,0.0,1
1785981713,463878393,0.0,-1.6716564337359827,-1.6466973463641565,-1.1327737013446253,-4.617770854626791,-4.890351716672079,0.605644166469574,0.0,-0.0,0.0,0.0,0.0,0.0,0.0,0.0,0.0,0.0,0.0,0.0,1
1785981713,484151601,0.0,-1.6717522780047815,-1.646721665059225,-1.1327975432025355,-4.617758814488546,-4.890387598668234,0.605644166469574,0.0,-0.0,0.0,0.0,0.0,0.0,0.0,0.0,0.0,0.0,0.0,0.0,1
1785981713,504082441,0.0,-1.6716564337359827,-1.6468051115619105,-1.1328094641314905,-4.617746893559591,-4.890435997639791,0.6056561470031738,0.0,-0.0,0.0,0.0,0.0,0.0,0.0,0.0,0.0,0.0,0.0,0.0,1
1785981713,524096012,0.0,-1.671716038380758,-1.6466973463641565,-1.1327856222735804,-4.617746893559591,-4.890412036572592,0.6056321859359741,0.0,-0.0,0.0,0.0,0.0,0.0,0.0,0.0,0.0,0.0,0.0,0.0,1
1785981713,544160366,0.0,-1.671692196522848,-1.6466973463641565,-1.1328333059894007,-4.6177948156939905,-4.890412036572592,0.6056561470031738,0.0,-0.0,0.0,0.0,0.0,0.0,0.0,0.0,0.0,0.0,0.0,0.0,1
1785981713,564085721,0.0,-1.671704117451803,-1.646721665059225,-1.1327856222735804,-4.617758814488546,-4.890375677739279,0.6056801080703735,0.0,-0.0,0.0,0.0,0.0,0.0,0.0,0.0,0.0,0.0,0.0,0.0,1
1785981713,584147214,0.0,-1.6716802755938929,-1.646721665059225,-1.1328213850604456,-4.617758814488546,-4.890412036572592,0.6056681275367737,0.0,-0.0,0.0,0.0,0.0,0.0,0.0,0.0,0.0,0.0,0.0,0.0,1
1785981713,604068517,0.0,-1.6717284361468714,-1.6467097441302698,-1.1327975432025355,-4.617770854626791,-4.890375677739279,0.6056681275367737,0.0,-0.0,0.0,0.0,0.0,0.0,0.0,0.0,0.0,0.0,0.0,0.0,1
1785981713,623888015,0.0,-1.6717284361468714,-1.6467097441302698,-1.1328094641314905,-4.6177348534213465,-4.890363637601034,0.6056801080703735,0.0,-0.0,0.0,0.0,0.0,0.0,0.0,0.0,0.0,0.0,0.0,0.0,1
1785981713,644205093,0.0,-1.671716038380758,-1.6467097441302698,-1.1328213850604456,-4.617758814488546,-4.890387598668234,0.6057040691375732,0.0,-0.0,0.0,0.0,0.0,0.0,0.0,0.0,0.0,0.0,0.0,0.0,1
1785981713,664452314,0.0,-1.671692196522848,-1.6466735045062464,-1.1327856222735804,-4.6177828947650355,-4.890363637601034,0.6056801080703735,0.0,-0.0,0.0,0.0,0.0,0.0,0.0,0.0,0.0,0.0,0.0,0.0,1
1785981713,684077501,0.0,-1.6716802755938929,-1.6467812697040003,-1.1327737013446253,-4.617758814488546,-4.890387598668234,0.605644166469574,0.0,-0.0,0.0,0.0,0.0,0.0,0.0,0.0,0.0,0.0,0.0,0.0,1
1785981713,704174995,0.0,-1.6717403570758265,-1.646721665059225,-1.1327975432025355,-4.6177948156939905,-4.890387598668234,0.6056920886039734,0.0,-0.0,0.0,0.0,0.0,0.0,0.0,0.0,0.0,0.0,0.0,0.0,1
1785981713,724064826,0.0,-1.671716038380758,-1.6467574278460901,-1.1327975432025355,-4.6177348534213465,-4.890447918568746,0.6057040691375732,0.0,-0.0,0.0,0.0,0.0,0.0,0.0,0.0,0.0,0.0,0.0,0.0,1
1785981713,744055986,0.0,-1.6717403570758265,-1.6467574278460901,-1.1327856222735804,-4.617722932492391,-4.890399638806478,0.6056561470031738,0.0,-0.0,0.0,0.0,0.0,0.0,0.0,0.0,0.0,0.0,0.0,0.0,1
1785981713,764065742,0.0,-1.671716038380758,-1.6467693487750452,-1.1327975432025355,-4.6177828947650355,-4.890375677739279,0.6056561470031738,0.0,-0.0,0.0,0.0,0.0,0.0,0.0,0.0,0.0,0.0,0.0,0.0,1
1785981713,783975839,0.0,-1.671716038380758,-1.6466854254352015,-1.1327975432025355,-4.6177348534213465,-4.890435997639791,0.6056202054023743,0.0,-0.0,0.0,0.0,0.0,0.0,0.0,0.0,0.0,0.0,0.0,0.0,1
1785981713,804110527,0.0,-1.6717284361468714,-1.6466854254352015,-1.1328333059894007,-4.617758814488546,-4.890399638806478,0.6056801080703735,0.0,-0.0,0.0,0.0,0.0,0.0,0.0,0.0,0.0,0.0,0.0,0.0,1
1785981713,823850393,0.0,-1.671704117451803,-1.6467097441302698,-1.1327975432025355,-4.617746893559591,-4.890339676533834,0.6056561470031738,0.0,-0.0,0.0,0.0,0.0,0.0,0.0,0.0,0.0,0.0,0.0,0.0,1
1785981713,844189643,0.0,-1.671716038380758,-1.6466854254352015,-1.1328213850604456,-4.617758814488546,-4.890363637601034,0.6056202054023743,0.0,-0.0,0.0,0.0,0.0,0.0,0.0,0.0,0.0,0.0,0.0,0.0,1
1785981713,864156484,0.0,-1.671704117451803,-1.646721665059225,-1.1327737013446253,-4.617746893559591,-4.890399638806478,0.6057040691375732,0.0,-0.0,0.0,0.0,0.0,0.0,0.0,0.0,0.0,0.0,0.0,0.0,1
1785981713,884070396,0.0,-1.671692196522848,-1.6467936674701136,-1.1327856222735804,-4.617746893559591,-4.890399638806478,0.6056801080703735,0.0,-0.0,0.0,0.0,0.0,0.0,0.0,0.0,0.0,0.0,0.0,0.0,1
1785981713,904734134,0.0,-1.6717284361468714,-1.6467097441302698,-1.1328333059894007,-4.617758814488546,-4.890375677739279,0.6056561470031738,0.0,-0.0,0.0,0.0,0.0,0.0,0.0,0.0,0.0,0.0,0.0,0.0,1
1785981713,924000501,0.0,-1.6716802755938929,-1.6466973463641565,-1.1328333059894007,-4.617758814488546,-4.890435997639791,0.6056321859359741,0.0,-0.0,0.0,0.0,0.0,0.0,0.0,0.0,0.0,0.0,0.0,0.0,1
1785981713,944135904,0.0,-1.671692196522848,-1.6466854254352015,-1.1328213850604456,-4.6177948156939905,-4.890387598668234,0.6056561470031738,0.0,-0.0,0.0,0.0,0.0,0.0,0.0,0.0,0.0,0.0,0.0,0.0,1
1785981713,964076519,0.0,-1.671704117451803,-1.6467574278460901,-1.1327737013446253,-4.6177948156939905,-4.890375677739279,0.605644166469574,0.0,-0.0,0.0,0.0,0.0,0.0,0.0,0.0,0.0,0.0,0.0,0.0,1
1785981713,983869075,0.0,-1.671704117451803,-1.6466735045062464,-1.1328094641314905,-4.617722932492391,-4.890423957501547,0.6056321859359741,0.0,-0.0,0.0,0.0,0.0,0.0,0.0,0.0,0.0,0.0,0.0,0.0,1
1785981714,4125118,0.0,-1.671704117451803,-1.64673358598818,-1.1328333059894007,-4.617758814488546,-4.890399638806478,0.6056801080703735,0.0,-0.0,0.0,0.0,0.0,0.0,0.0,0.0,0.0,0.0,0.0,0.0,1
1785981714,23829698,0.0,-1.671704117451803,-1.6467574278460901,-1.1328452269183558,-4.617806855832235,-4.890412036572592,0.605644166469574,0.0,-0.0,0.0,0.0,0.0,0.0,0.0,0.0,0.0,0.0,0.0,0.0,1
1785981714,44199705,0.0,-1.6717641989337366,-1.6467097441302698,-1.1327856222735804,-4.6177828947650355,-4.890412036572592,0.6056801080703735,0.0,-0.0,0.0,0.0,0.0,0.0,0.0,0.0,0.0,0.0,0.0,0.0,1
1785981714,64314603,0.0,-1.671704117451803,-1.6466854254352015,-1.1328094641314905,-4.617722932492391,-4.890412036572592,0.6056561470031738,0.0,-0.0,0.0,0.0,0.0,0.0,0.0,0.0,0.0,0.0,0.0,0.0,1
1785981714,84072589,0.0,-1.671692196522848,-1.646745506917135,-1.1328333059894007,-4.6177828947650355,-4.890423957501547,0.6056681275367737,0.0,-0.0,0.0,0.0,0.0,0.0,0.0,0.0,0.0,0.0,0.0,0.0,1
1785981714,104059696,0.0,-1.671716038380758,-1.6467097441302698,-1.1327975432025355,-4.617746893559591,-4.890375677739279,0.6056681275367737,0.0,-0.0,0.0,0.0,0.0,0.0,0.0,0.0,0.0,0.0,0.0,0.0,1
1785981714,124032020,0.0,-1.6716445128070276,-1.6466854254352015,-1.1328094641314905,-4.6177948156939905,-4.890387598668234,0.6056681275367737,0.0,-0.0,0.0,0.0,0.0,0.0,0.0,0.0,0.0,0.0,0.0,0.0,1
1785981714,143868207,0.0,-1.6716802755938929,-1.6466854254352015,-1.1327975432025355,-4.6177948156939905,-4.890423957501547,0.6056561470031738,0.0,-0.0,0.0,0.0,0.0,0.0,0.0,0.0,0.0,0.0,0.0,0.0,1
1785981714,164165973,0.0,-1.671704117451803,-1.6467097441302698,-1.1328333059894007,-4.617770854626791,-4.890412036572592,0.6056801080703735,0.0,-0.0,0.0,0.0,0.0,0.0,0.0,0.0,0.0,0.0,0.0,0.0,1
1785981714,183860301,0.0,-1.6716802755938929,-1.6466973463641565,-1.1327856222735804,-4.6177828947650355,-4.890412036572592,0.6056801080703735,0.0,-0.0,0.0,0.0,0.0,0.0,0.0,0.0,0.0,0.0,0.0,0.0,1
1785981714,204080581,0.0,-1.6717522780047815,-1.6467097441302698,-1.1328094641314905,-4.617758814488546,-4.890363637601034,0.605644166469574,0.0,-0.0,0.0,0.0,0.0,0.0,0.0,0.0,0.0,0.0,0.0,0.0,1
1785981714,223828315,0.0,-1.6717403570758265,-1.6466735045062464,-1.1328333059894007,-4.6177348534213465,-4.890399638806478,0.6056801080703735,0.0,-0.0,0.0,0.0,0.0,0.0,0.0,0.0,0.0,0.0,0.0,0.0,1
1785981714,244194269,0.0,-1.671704117451803,-1.64673358598818,-1.1328213850604456,-4.6177828947650355,-4.890423957501547,0.6056561470031738,0.0,-0.0,0.0,0.0,0.0,0.0,0.0,0.0,0.0,0.0,0.0,0.0,1
1785981714,264003276,0.0,-1.6716683546649378,-1.6467097441302698,-1.132761303578512,-4.617746893559591,-4.890412036572592,0.6056561470031738,0.0,-0.0,0.0,0.0,0.0,0.0,0.0,0.0,0.0,0.0,0.0,0.0,1
1785981714,284150362,0.0,-1.671704117451803,-1.6467097441302698,-1.1328452269183558,-4.617758814488546,-4.890399638806478,0.6056920886039734,0.0,-0.0,0.0,0.0,0.0,0.0,0.0,0.0,0.0,0.0,0.0,0.0,1
1785981714,304051399,0.0,-1.6716564337359827,-1.6467574278460901,-1.1328452269183558,-4.6177828947650355,-4.890387598668234,0.6056321859359741,0.0,-0.0,0.0,0.0,0.0,0.0,0.0,0.0,0.0,0.0,0.0,0.0,1
1785981714,324061155,0.0,-1.6717284361468714,-1.6466973463641565,-1.1327737013446253,-4.617830816899435,-4.890363637601034,0.6056561470031738,0.0,-0.0,0.0,0.0,0.0,0.0,0.0,0.0,0.0,0.0,0.0,0.0,1
1785981714,343969821,0.0,-1.671704117451803,-1.6466854254352015,-1.1327975432025355,-4.617746893559591,-4.890351716672079,0.6056561470031738,0.0,-0.0,0.0,0.0,0.0,0.0,0.0,0.0,0.0,0.0,0.0,0.0,1
1785981714,364063501,0.0,-1.6717403570758265,-1.6466973463641565,-1.1328452269183558,-4.617758814488546,-4.890423957501547,0.6057040691375732,0.0,-0.0,0.0,0.0,0.0,0.0,0.0,0.0,0.0,0.0,0.0,0.0,1
1785981714,384588241,0.0,-1.671716038380758,-1.646721665059225,-1.1328333059894007,-4.617758814488546,-4.890375677739279,0.6056920886039734,0.0,-0.0,0.0,0.0,0.0,0.0,0.0,0.0,0.0,0.0,0.0,0.0,1
1785981714,404046773,0.0,-1.671704117451803,-1.64673358598818,-1.1328094641314905,-4.617770854626791,-4.890399638806478,0.605644166469574,0.0,-0.0,0.0,0.0,0.0,0.0,0.0,0.0,0.0,0.0,0.0,0.0,1
1785981714,423835277,0.0,-1.6716564337359827,-1.646721665059225,-1.1328094641314905,-4.617746893559591,-4.890399638806478,0.6056801080703735,0.0,-0.0,0.0,0.0,0.0,0.0,0.0,0.0,0.0,0.0,0.0,0.0,1
1785981714,444197654,0.0,-1.671704117451803,-1.6466973463641565,-1.1328452269183558,-4.6177948156939905,-4.890375677739279,0.605644166469574,0.0,-0.0,0.0,0.0,0.0,0.0,0.0,0.0,0.0,0.0,0.0,0.0,1
1785981714,464554309,0.0,-1.6716802755938929,-1.6467097441302698,-1.132761303578512,-4.617758814488546,-4.890399638806478,0.6056561470031738,0.0,-0.0,0.0,0.0,0.0,0.0,0.0,0.0,0.0,0.0,0.0,0.0,1
1785981714,484144687,0.0,-1.6717403570758265,-1.6467097441302698,-1.1328213850604456,-4.617710892354147,-4.890387598668234,0.6056082248687744,0.0,-0.0,0.0,0.0,0.0,0.0,0.0,0.0,0.0,0.0,0.0,0.0,1
1785981714,504099845,0.0,-1.671704117451803,-1.64673358598818,-1.1328333059894007,-4.6177948156939905,-4.890423957501547,0.6056561470031738,0.0,-0.0,0.0,0.0,0.0,0.0,0.0,0.0,0.0,0.0,0.0,0.0,1
1785981714,524078130,0.0,-1.671692196522848,-1.6467097441302698,-1.1328094641314905,-4.6177348534213465,-4.890399638806478,0.6057040691375732,0.0,-0.0,0.0,0.0,0.0,0.0,0.0,0.0,0.0,0.0,0.0,0.0,1
1785981714,544147014,0.0,-1.671692196522848,-1.6467693487750452,-1.1328094641314905,-4.6177828947650355,-4.890375677739279,0.605644166469574,0.0,-0.0,0.0,0.0,0.0,0.0,0.0,0.0,0.0,0.0,0.0,0.0,1
1785981714,564074039,0.0,-1.6716445128070276,-1.6466854254352015,-1.132761303578512,-4.617746893559591,-4.890351716672079,0.6056561470031738,0.0,-0.0,0.0,0.0,0.0,0.0,0.0,0.0,0.0,0.0,0.0,0.0,1
1785981714,584462881,0.0,-1.671704117451803,-1.6467574278460901,-1.132761303578512,-4.61781877676119,-4.890387598668234,0.6056681275367737,0.0,-0.0,0.0,0.0,0.0,0.0,0.0,0.0,0.0,0.0,0.0,0.0,1
1785981714,604074716,0.0,-1.671716038380758,-1.646721665059225,-1.1327737013446253,-4.617746893559591,-4.890375677739279,0.6056681275367737,0.0,-0.0,0.0,0.0,0.0,0.0,0.0,0.0,0.0,0.0,0.0,0.0,1
1785981714,623891353,0.0,-1.671716038380758,-1.6466854254352015,-1.1327856222735804,-4.617758814488546,-4.890339676533834,0.6056801080703735,0.0,-0.0,0.0,0.0,0.0,0.0,0.0,0.0,0.0,0.0,0.0,0.0,1
1785981714,644273996,0.0,-1.6717641989337366,-1.6467097441302698,-1.1328213850604456,-4.6177828947650355,-4.890363637601034,0.6056561470031738,0.0,-0.0,0.0,0.0,0.0,0.0,0.0,0.0,0.0,0.0,0.0,0.0,1
1785981714,663924694,0.0,-1.671704117451803,-1.6466735045062464,-1.1328094641314905,-4.617746893559591,-4.890423957501547,0.6056321859359741,0.0,-0.0,0.0,0.0,0.0,0.0,0.0,0.0,0.0,0.0,0.0,0.0,1
1785981714,684121131,0.0,-1.671716038380758,-1.6467097441302698,-1.1327975432025355,-4.617746893559591,-4.890412036572592,0.6056801080703735,0.0,-0.0,0.0,0.0,0.0,0.0,0.0,0.0,0.0,0.0,0.0,0.0,1
1785981714,704106569,0.0,-1.6716802755938929,-1.6467812697040003,-1.132761303578512,-4.6177828947650355,-4.890399638806478,0.6056801080703735,0.0,-0.0,0.0,0.0,0.0,0.0,0.0,0.0,0.0,0.0,0.0,0.0,1
1785981714,724061489,0.0,-1.6717284361468714,-1.646721665059225,-1.1327737013446253,-4.6177948156939905,-4.890412036572592,0.6056681275367737,0.0,-0.0,0.0,0.0,0.0,0.0,0.0,0.0,0.0,0.0,0.0,0.0,1
1785981714,744354486,0.0,-1.6716683546649378,-1.6466973463641565,-1.132761303578512,-4.617758814488546,-4.890375677739279,0.6056801080703735,0.0,-0.0,0.0,0.0,0.0,0.0,0.0,0.0,0.0,0.0,0.0,0.0,1
1785981714,764085531,0.0,-1.671716038380758,-1.6466854254352015,-1.1328333059894007,-4.617746893559591,-4.890375677739279,0.6056321859359741,0.0,-0.0,0.0,0.0,0.0,0.0,0.0,0.0,0.0,0.0,0.0,0.0,1
1785981714,784144878,0.0,-1.6716683546649378,-1.646721665059225,-1.1327975432025355,-4.617770854626791,-4.890375677739279,0.6056920886039734,0.0,-0.0,0.0,0.0,0.0,0.0,0.0,0.0,0.0,0.0,0.0,0.0,1
1785981714,804086208,0.0,-1.671692196522848,-1.6466973463641565,-1.132857624684469,-4.6177948156939905,-4.890412036572592,0.6056202054023743,0.0,-0.0,0.0,0.0,0.0,0.0,0.0,0.0,0.0,0.0,0.0,0.0,1
1785981714,824128866,0.0,-1.6717284361468714,-1.6467097441302698,-1.1327975432025355,-4.617758814488546,-4.890375677739279,0.6056561470031738,0.0,-0.0,0.0,0.0,0.0,0.0,0.0,0.0,0.0,0.0,0.0,0.0,1
1785981714,844114542,0.0,-1.6716683546649378,-1.6467693487750452,-1.1328333059894007,-4.617746893559591,-4.890412036572592,0.6056202054023743,0.0,-0.0,0.0,0.0,0.0,0.0,0.0,0.0,0.0,0.0,0.0,0.0,1
1785981714,863913536,0.0,-1.6717522780047815,-1.646745506917135,-1.132761303578512,-4.617770854626791,-4.890412036572592,0.6056561470031738,0.0,-0.0,0.0,0.0,0.0,0.0,0.0,0.0,0.0,0.0,0.0,0.0,1
1785981714,884136199,0.0,-1.6716802755938929,-1.6466973463641565,-1.1327737013446253,-4.617770854626791,-4.890399638806478,0.6056082248687744,0.0,-0.0,0.0,0.0,0.0,0.0,0.0,0.0,0.0,0.0,0.0,0.0,1
1785981714,904070138,0.0,-1.6717284361468714,-1.646745506917135,-1.1328452269183558,-4.6177948156939905,-4.890387598668234,0.6056801080703735,0.0,-0.0,0.0,0.0,0.0,0.0,0.0,0.0,0.0,0.0,0.0,0.0,1
1785981714,924116849,0.0,-1.6716802755938929,-1.6467097441302698,-1.1328094641314905,-4.617758814488546,-4.890399638806478,0.6056561470031738,0.0,-0.0,0.0,0.0,0.0,0.0,0.0,0.0,0.0,0.0,0.0,0.0,1
1785981714,944103002,0.0,-1.671704117451803,-1.64673358598818,-1.1328213850604456,-4.617758814488546,-4.890412036572592,0.6056321859359741,0.0,-0.0,0.0,0.0,0.0,0.0,0.0,0.0,0.0,0.0,0.0,0.0,1
1785981714,964051246,0.0,-1.671716038380758,-1.646721665059225,-1.1327856222735804,-4.617746893559591,-4.890447918568746,0.6056801080703735,0.0,-0.0,0.0,0.0,0.0,0.0,0.0,0.0,0.0,0.0,0.0,0.0,1
1785981714,984217643,0.0,-1.6717284361468714,-1.6467097441302698,-1.1327737013446253,-4.6177948156939905,-4.890387598668234,0.6056561470031738,0.0,-0.0,0.0,0.0,0.0,0.0,0.0,0.0,0.0,0.0,0.0,0.0,1
1785981715,4016876,0.0,-1.6716802755938929,-1.6466496626483362,-1.1328094641314905,-4.6177948156939905,-4.890399638806478,0.6056920886039734,0.0,-0.0,0.0,0.0,0.0,0.0,0.0,0.0,0.0,0.0,0.0,0.0,1
1785981715,23995399,0.0,-1.671716038380758,-1.64673358598818,-1.1328213850604456,-4.617806855832235,-4.890423957501547,0.6056561470031738,0.0,-0.0,0.0,0.0,0.0,0.0,0.0,0.0,0.0,0.0,0.0,0.0,1
1785981715,44177293,0.0,-1.6717403570758265,-1.64673358598818,-1.1327374617206019,-4.61781877676119,-4.890412036572592,0.6056321859359741,0.0,-0.0,0.0,0.0,0.0,0.0,0.0,0.0,0.0,0.0,0.0,0.0,1
1785981715,64156532,0.0,-1.671692196522848,-1.6467574278460901,-1.1327856222735804,-4.617770854626791,-4.890399638806478,0.605644166469574,0.0,-0.0,0.0,0.0,0.0,0.0,0.0,0.0,0.0,0.0,0.0,0.0,1
1785981715,84074974,0.0,-1.671716038380758,-1.6467574278460901,-1.1328094641314905,-4.617746893559591,-4.890399638806478,0.6056801080703735,0.0,-0.0,0.0,0.0,0.0,0.0,0.0,0.0,0.0,0.0,0.0,0.0,1
1785981715,104402065,0.0,-1.671692196522848,-1.646721665059225,-1.1327856222735804,-4.617758814488546,-4.890387598668234,0.6056801080703735,0.0,-0.0,0.0,0.0,0.0,0.0,0.0,0.0,0.0,0.0,0.0,0.0,1
1785981715,124025583,0.0,-1.6716802755938929,-1.646721665059225,-1.1327856222735804,-4.617770854626791,-4.890412036572592,0.6057040691375732,0.0,-0.0,0.0,0.0,0.0,0.0,0.0,0.0,0.0,0.0,0.0,0.0,1
1785981715,144177913,0.0,-1.671704117451803,-1.6466973463641565,-1.1327737013446253,-4.617758814488546,-4.890399638806478,0.6056801080703735,0.0,-0.0,0.0,0.0,0.0,0.0,0.0,0.0,0.0,0.0,0.0,0.0,1
1785981715,164054870,0.0,-1.671716038380758,-1.64673358598818,-1.1327856222735804,-4.617806855832235,-4.890387598668234,0.6056321859359741,0.0,-0.0,0.0,0.0,0.0,0.0,0.0,0.0,0.0,0.0,0.0,0.0,1
1785981715,184038639,0.0,-1.671716038380758,-1.6467574278460901,-1.1328213850604456,-4.6177948156939905,-4.890375677739279,0.6056681275367737,0.0,-0.0,0.0,0.0,0.0,0.0,0.0,0.0,0.0,0.0,0.0,0.0,1
1785981715,204038143,0.0,-1.6717403570758265,-1.646721665059225,-1.1328094641314905,-4.617770854626791,-4.890387598668234,0.605644166469574,0.0,-0.0,0.0,0.0,0.0,0.0,0.0,0.0,0.0,0.0,0.0,0.0,1
1785981715,223980903,0.0,-1.671692196522848,-1.64673358598818,-1.1327737013446253,-4.617746893559591,-4.890423957501547,0.6056801080703735,0.0,-0.0,0.0,0.0,0.0,0.0,0.0,0.0,0.0,0.0,0.0,0.0,1
1785981715,244134187,0.0,-1.6717403570758265,-1.6466854254352015,-1.1328094641314905,-4.617806855832235,-4.890387598668234,0.6056321859359741,0.0,-0.0,0.0,0.0,0.0,0.0,0.0,0.0,0.0,0.0,0.0,0.0,1
1785981715,264384508,0.0,-1.671692196522848,-1.64673358598818,-1.132761303578512,-4.617722932492391,-4.890412036572592,0.6056561470031738,0.0,-0.0,0.0,0.0,0.0,0.0,0.0,0.0,0.0,0.0,0.0,0.0,1
1785981715,284077405,0.0,-1.6717403570758265,-1.6467097441302698,-1.1328452269183558,-4.617746893559591,-4.890387598668234,0.6056321859359741,0.0,-0.0,0.0,0.0,0.0,0.0,0.0,0.0,0.0,0.0,0.0,0.0,1
1785981715,304430961,0.0,-1.671692196522848,-1.646721665059225,-1.1328213850604456,-4.6177828947650355,-4.890375677739279,0.6056681275367737,0.0,-0.0,0.0,0.0,0.0,0.0,0.0,0.0,0.0,0.0,0.0,0.0,1
1785981715,324081897,0.0,-1.671716038380758,-1.64673358598818,-1.1327856222735804,-4.617722932492391,-4.890363637601034,0.605644166469574,0.0,-0.0,0.0,0.0,0.0,0.0,0.0,0.0,0.0,0.0,0.0,0.0,1
1785981715,344106674,0.0,-1.671692196522848,-1.6466735045062464,-1.1327856222735804,-4.617746893559591,-4.890423957501547,0.6056561470031738,0.0,-0.0,0.0,0.0,0.0,0.0,0.0,0.0,0.0,0.0,0.0,0.0,1
1785981715,364012241,0.0,-1.671716038380758,-1.646721665059225,-1.1328213850604456,-4.617758814488546,-4.890363637601034,0.6056321859359741,0.0,-0.0,0.0,0.0,0.0,0.0,0.0,0.0,0.0,0.0,0.0,0.0,1
1785981715,384011745,0.0,-1.6716802755938929,-1.64673358598818,-1.1327737013446253,-4.6177348534213465,-4.890363637601034,0.6056202054023743,0.0,-0.0,0.0,0.0,0.0,0.0,0.0,0.0,0.0,0.0,0.0,0.0,1
1785981715,404136896,0.0,-1.6717403570758265,-1.6467097441302698,-1.1327975432025355,-4.617746893559591,-4.890387598668234,0.605644166469574,0.0,-0.0,0.0,0.0,0.0,0.0,0.0,0.0,0.0,0.0,0.0,0.0,1
1785981715,423945188,0.0,-1.6717403570758265,-1.646721665059225,-1.1327975432025355,-4.6177828947650355,-4.890412036572592,0.6056321859359741,0.0,-0.0,0.0,0.0,0.0,0.0,0.0,0.0,0.0,0.0,0.0,0.0,1
1785981715,444159030,0.0,-1.6717403570758265,-1.6466735045062464,-1.1328094641314905,-4.6177948156939905,-4.890412036572592,0.6056561470031738,0.0,-0.0,0.0,0.0,0.0,0.0,0.0,0.0,0.0,0.0,0.0,0.0,1
1785981715,464370489,0.0,-1.671716038380758,-1.6467097441302698,-1.1328213850604456,-4.61781877676119,-4.890375677739279,0.6056561470031738,0.0,-0.0,0.0,0.0,0.0,0.0,0.0,0.0,0.0,0.0,0.0,0.0,1
1785981715,484088420,0.0,-1.6716802755938929,-1.646745506917135,-1.1328094641314905,-4.617746893559591,-4.890423957501547,0.6056801080703735,0.0,-0.0,0.0,0.0,0.0,0.0,0.0,0.0,0.0,0.0,0.0,0.0,1
1785981715,504111528,0.0,-1.6716683546649378,-1.6467097441302698,-1.132749382649557,-4.617806855832235,-4.890387598668234,0.6056321859359741,0.0,-0.0,0.0,0.0,0.0,0.0,0.0,0.0,0.0,0.0,0.0,0.0,1
1785981715,524069070,0.0,-1.671716038380758,-1.646721665059225,-1.1328094641314905,-4.6177948156939905,-4.890375677739279,0.605644166469574,0.0,-0.0,0.0,0.0,0.0,0.0,0.0,0.0,0.0,0.0,0.0,0.0,1
1785981715,544042587,0.0,-1.671692196522848,-1.6466973463641565,-1.1328213850604456,-4.61784273782839,-4.890351716672079,0.6056321859359741,0.0,-0.0,0.0,0.0,0.0,0.0,0.0,0.0,0.0,0.0,0.0,0.0,1
1785981715,564043760,0.0,-1.671704117451803,-1.6467097441302698,-1.1328333059894007,-4.6177348534213465,-4.890375677739279,0.6057040691375732,0.0,-0.0,0.0,0.0,0.0,0.0,0.0,0.0,0.0,0.0,0.0,0.0,1
1785981715,584321975,0.0,-1.671704117451803,-1.6466973463641565,-1.1327856222735804,-4.617758814488546,-4.890375677739279,0.6057040691375732,0.0,-0.0,0.0,0.0,0.0,0.0,0.0,0.0,0.0,0.0,0.0,0.0,1
1785981715,604045391,0.0,-1.6717403570758265,-1.646721665059225,-1.1327975432025355,-4.6177948156939905,-4.890399638806478,0.6056681275367737,0.0,-0.0,0.0,0.0,0.0,0.0,0.0,0.0,0.0,0.0,0.0,0.0,1
1785981715,624238491,0.0,-1.671716038380758,-1.646721665059225,-1.1327856222735804,-4.6177828947650355,-4.890447918568746,0.6055962443351746,0.0,-0.0,0.0,0.0,0.0,0.0,0.0,0.0,0.0,0.0,0.0,0.0,1
1785981715,644229888,0.0,-1.671704117451803,-1.646745506917135,-1.132761303578512,-4.617758814488546,-4.890399638806478,0.6056681275367737,0.0,-0.0,0.0,0.0,0.0,0.0,0.0,0.0,0.0,0.0,0.0,0.0,1
1785981715,664310455,0.0,-1.671704117451803,-1.64673358598818,-1.132761303578512,-4.61781877676119,-4.890387598668234,0.605644166469574,0.0,-0.0,0.0,0.0,0.0,0.0,0.0,0.0,0.0,0.0,0.0,0.0,1
1785981715,684069871,0.0,-1.671704117451803,-1.6467693487750452,-1.132761303578512,-4.617806855832235,-4.890363637601034,0.6056801080703735,0.0,-0.0,0.0,0.0,0.0,0.0,0.0,0.0,0.0,0.0,0.0,0.0,1
1785981715,704551458,0.0,-1.6716802755938929,-1.6466854254352015,-1.1328213850604456,-4.617830816899435,-4.890375677739279,0.6056681275367737,0.0,-0.0,0.0,0.0,0.0,0.0,0.0,0.0,0.0,0.0,0.0,0.0,1
1785981715,724000215,0.0,-1.671692196522848,-1.646745506917135,-1.1327856222735804,-4.617806855832235,-4.890387598668234,0.6056801080703735,0.0,-0.0,0.0,0.0,0.0,0.0,0.0,0.0,0.0,0.0,0.0,0.0,1
1785981715,744192361,0.0,-1.671716038380758,-1.646745506917135,-1.1328094641314905,-4.6177828947650355,-4.890375677739279,0.6057040691375732,0.0,-0.0,0.0,0.0,0.0,0.0,0.0,0.0,0.0,0.0,0.0,0.0,1
1785981715,764041662,0.0,-1.671716038380758,-1.64673358598818,-1.1327975432025355,-4.6177828947650355,-4.890375677739279,0.6056681275367737,0.0,-0.0,0.0,0.0,0.0,0.0,0.0,0.0,0.0,0.0,0.0,0.0,1
1785981715,783942699,0.0,-1.6716683546649378,-1.646721665059225,-1.1328452269183558,-4.6177948156939905,-4.890423957501547,0.6056681275367737,0.0,-0.0,0.0,0.0,0.0,0.0,0.0,0.0,0.0,0.0,0.0,0.0,1
1785981715,804067373,0.0,-1.671692196522848,-1.6466854254352015,-1.1327856222735804,-4.6177828947650355,-4.890399638806478,0.6056681275367737,0.0,-0.0,0.0,0.0,0.0,0.0,0.0,0.0,0.0,0.0,0.0,0.0,1
1785981715,823999643,0.0,-1.6717641989337366,-1.646745506917135,-1.1327975432025355,-4.617758814488546,-4.890435997639791,0.6056561470031738,0.0,-0.0,0.0,0.0,0.0,0.0,0.0,0.0,0.0,0.0,0.0,0.0,1
1785981715,844197273,0.0,-1.6716802755938929,-1.6467097441302698,-1.1327975432025355,-4.6177828947650355,-4.890375677739279,0.6056681275367737,0.0,-0.0,0.0,0.0,0.0,0.0,0.0,0.0,0.0,0.0,0.0,0.0,1
1785981715,864124298,0.0,-1.671716038380758,-1.64673358598818,-1.132761303578512,-4.6177348534213465,-4.890412036572592,0.6056561470031738,0.0,-0.0,0.0,0.0,0.0,0.0,0.0,0.0,0.0,0.0,0.0,0.0,1
1785981715,884010314,0.0,-1.671692196522848,-1.64673358598818,-1.1327856222735804,-4.617770854626791,-4.890412036572592,0.6056561470031738,0.0,-0.0,0.0,0.0,0.0,0.0,0.0,0.0,0.0,0.0,0.0,0.0,1
1785981715,903962135,0.0,-1.671692196522848,-1.6466973463641565,-1.1328333059894007,-4.617758814488546,-4.890412036572592,0.6056321859359741,0.0,-0.0,0.0,0.0,0.0,0.0,0.0,0.0,0.0,0.0,0.0,0.0,1
1785981715,924165010,0.0,-1.6717403570758265,-1.6466854254352015,-1.1328452269183558,-4.6177828947650355,-4.890363637601034,0.6056920886039734,0.0,-0.0,0.0,0.0,0.0,0.0,0.0,0.0,0.0,0.0,0.0,0.0,1
1785981715,944067001,0.0,-1.671716038380758,-1.646745506917135,-1.1328213850604456,-4.6177828947650355,-4.890375677739279,0.6056561470031738,0.0,-0.0,0.0,0.0,0.0,0.0,0.0,0.0,0.0,0.0,0.0,0.0,1
1785981715,964066028,0.0,-1.671692196522848,-1.6467097441302698,-1.1328213850604456,-4.617770854626791,-4.890412036572592,0.6056561470031738,0.0,-0.0,0.0,0.0,0.0,0.0,0.0,0.0,0.0,0.0,0.0,0.0,1
1785981715,983961105,0.0,-1.671692196522848,-1.6467574278460901,-1.1327975432025355,-4.6177828947650355,-4.890387598668234,0.6056202054023743,0.0,-0.0,0.0,0.0,0.0,0.0,0.0,0.0,0.0,0.0,0.0,0.0,1
1785981716,4106044,0.0,-1.6716445128070276,-1.6466973463641565,-1.1328094641314905,-4.61781877676119,-4.890375677739279,0.6056321859359741,0.0,-0.0,0.0,0.0,0.0,0.0,0.0,0.0,0.0,0.0,0.0,0.0,1
1785981716,23806095,0.0,-1.6716802755938929,-1.6467097441302698,-1.1327856222735804,-4.617746893559591,-4.890423957501547,0.6056561470031738,0.0,-0.0,0.0,0.0,0.0,0.0,0.0,0.0,0.0,0.0,0.0,0.0,1
1785981716,44175863,0.0,-1.671704117451803,-1.646721665059225,-1.1327975432025355,-4.617746893559591,-4.890412036572592,0.605644166469574,0.0,-0.0,0.0,0.0,0.0,0.0,0.0,0.0,0.0,0.0,0.0,0.0,1
1785981716,64136505,0.0,-1.6716683546649378,-1.6466854254352015,-1.1327737013446253,-4.617770854626791,-4.890375677739279,0.6056561470031738,0.0,-0.0,0.0,0.0,0.0,0.0,0.0,0.0,0.0,0.0,0.0,0.0,1
1785981716,84040403,0.0,-1.671692196522848,-1.64673358598818,-1.1328213850604456,-4.6177828947650355,-4.890387598668234,0.6056561470031738,0.0,-0.0,0.0,0.0,0.0,0.0,0.0,0.0,0.0,0.0,0.0,0.0,1
1785981716,104482650,0.0,-1.671716038380758,-1.6467097441302698,-1.1328213850604456,-4.6177828947650355,-4.890387598668234,0.6056561470031738,0.0,-0.0,0.0,0.0,0.0,0.0,0.0,0.0,0.0,0.0,0.0,0.0,1
1785981716,124059915,0.0,-1.6716802755938929,-1.64673358598818,-1.1328213850604456,-4.6177348534213465,-4.890423957501547,0.6056681275367737,0.0,-0.0,0.0,0.0,0.0,0.0,0.0,0.0,0.0,0.0,0.0,0.0,1
1785981716,144434452,0.0,-1.6717284361468714,-1.6467693487750452,-1.1327975432025355,-4.6177348534213465,-4.890387598668234,0.6056681275367737,0.0,-0.0,0.0,0.0,0.0,0.0,0.0,0.0,0.0,0.0,0.0,0.0,1
1785981716,164062500,0.0,-1.6716802755938929,-1.64673358598818,-1.1327737013446253,-4.6177828947650355,-4.890435997639791,0.605644166469574,0.0,-0.0,0.0,0.0,0.0,0.0,0.0,0.0,0.0,0.0,0.0,0.0,1
1785981716,185010433,0.0,-1.6717284361468714,-1.6467097441302698,-1.1328814665423792,-4.6177948156939905,-4.890435997639791,0.605644166469574,0.0,-0.0,0.0,0.0,0.0,0.0,0.0,0.0,0.0,0.0,0.0,0.0,1
1785981716,203971862,0.0,-1.671692196522848,-1.64673358598818,-1.132761303578512,-4.617770854626791,-4.890351716672079,0.6056681275367737,0.0,-0.0,0.0,0.0,0.0,0.0,0.0,0.0,0.0,0.0,0.0,0.0,1
1785981716,223943233,0.0,-1.671704117451803,-1.6466496626483362,-1.1328452269183558,-4.617758814488546,-4.890387598668234,0.6056561470031738,0.0,-0.0,0.0,0.0,0.0,0.0,0.0,0.0,0.0,0.0,0.0,0.0,1
1785981716,244184732,0.0,-1.6717284361468714,-1.646745506917135,-1.1327856222735804,-4.617758814488546,-4.890375677739279,0.6056202054023743,0.0,-0.0,0.0,0.0,0.0,0.0,0.0,0.0,0.0,0.0,0.0,0.0,1
1785981716,263881683,0.0,-1.6717284361468714,-1.64673358598818,-1.1328333059894007,-4.617746893559591,-4.890363637601034,0.6056801080703735,0.0,-0.0,0.0,0.0,0.0,0.0,0.0,0.0,0.0,0.0,0.0,0.0,1
1785981716,284099102,0.0,-1.6717284361468714,-1.646721665059225,-1.1327856222735804,-4.617746893559591,-4.890375677739279,0.6056920886039734,0.0,-0.0,0.0,0.0,0.0,0.0,0.0,0.0,0.0,0.0,0.0,0.0,1
1785981716,304337501,0.0,-1.6717284361468714,-1.6466854254352015,-1.1327737013446253,-4.617722932492391,-4.890387598668234,0.6056082248687744,0.0,-0.0,0.0,0.0,0.0,0.0,0.0,0.0,0.0,0.0,0.0,0.0,1
1785981716,324068307,0.0,-1.671704117451803,-1.6466973463641565,-1.1328213850604456,-4.617722932492391,-4.890399638806478,0.6056202054023743,0.0,-0.0,0.0,0.0,0.0,0.0,0.0,0.0,0.0,0.0,0.0,0.0,1
1785981716,344129562,0.0,-1.671704117451803,-1.6466973463641565,-1.1327856222735804,-4.617758814488546,-4.890399638806478,0.6056321859359741,0.0,-0.0,0.0,0.0,0.0,0.0,0.0,0.0,0.0,0.0,0.0,0.0,1
1785981716,364072084,0.0,-1.671704117451803,-1.6467097441302698,-1.132749382649557,-4.6177828947650355,-4.890363637601034,0.6056321859359741,0.0,-0.0,0.0,0.0,0.0,0.0,0.0,0.0,0.0,0.0,0.0,0.0,1
1785981716,384245157,0.0,-1.6716802755938929,-1.6466735045062464,-1.1328213850604456,-4.6177828947650355,-4.890412036572592,0.605644166469574,0.0,-0.0,0.0,0.0,0.0,0.0,0.0,0.0,0.0,0.0,0.0,0.0,1
1785981716,404011011,0.0,-1.671704117451803,-1.6466735045062464,-1.1327856222735804,-4.617722932492391,-4.890387598668234,0.605644166469574,0.0,-0.0,0.0,0.0,0.0,0.0,0.0,0.0,0.0,0.0,0.0,0.0,1
1785981716,424177646,0.0,-1.671704117451803,-1.6467574278460901,-1.1328213850604456,-4.6177348534213465,-4.890363637601034,0.6056681275367737,0.0,-0.0,0.0,0.0,0.0,0.0,0.0,0.0,0.0,0.0,0.0,0.0,1
1785981716,444202899,0.0,-1.671716038380758,-1.646721665059225,-1.1328094641314905,-4.617806855832235,-4.890375677739279,0.6056082248687744,0.0,-0.0,0.0,0.0,0.0,0.0,0.0,0.0,0.0,0.0,0.0,0.0,1
1785981716,463903188,0.0,-1.6716683546649378,-1.6466615835772913,-1.1328094641314905,-4.617758814488546,-4.890375677739279,0.6056681275367737,0.0,-0.0,0.0,0.0,0.0,0.0,0.0,0.0,0.0,0.0,0.0,0.0,1
1785981716,484116077,0.0,-1.6717403570758265,-1.6466615835772913,-1.1328213850604456,-4.617758814488546,-4.890375677739279,0.6056202054023743,0.0,-0.0,0.0,0.0,0.0,0.0,0.0,0.0,0.0,0.0,0.0,0.0,1
1785981716,503890752,0.0,-1.671692196522848,-1.646721665059225,-1.1327737013446253,-4.6177948156939905,-4.890399638806478,0.6056681275367737,0.0,-0.0,0.0,0.0,0.0,0.0,0.0,0.0,0.0,0.0,0.0,0.0,1
1785981716,524143457,0.0,-1.671692196522848,-1.6466973463641565,-1.132749382649557,-4.617746893559591,-4.890363637601034,0.6056801080703735,0.0,-0.0,0.0,0.0,0.0,0.0,0.0,0.0,0.0,0.0,0.0,0.0,1
1785981716,544250965,0.0,-1.671716038380758,-1.6466973463641565,-1.1327856222735804,-4.617758814488546,-4.890363637601034,0.6056681275367737,0.0,-0.0,0.0,0.0,0.0,0.0,0.0,0.0,0.0,0.0,0.0,0.0,1
1785981716,564044952,0.0,-1.6716802755938929,-1.64673358598818,-1.1327975432025355,-4.6177828947650355,-4.890423957501547,0.6056681275367737,0.0,-0.0,0.0,0.0,0.0,0.0,0.0,0.0,0.0,0.0,0.0,0.0,1
1785981716,584503412,0.0,-1.671704117451803,-1.646745506917135,-1.1328333059894007,-4.6177348534213465,-4.890412036572592,0.6056561470031738,0.0,-0.0,0.0,0.0,0.0,0.0,0.0,0.0,0.0,0.0,0.0,0.0,1
1785981716,604056358,0.0,-1.6717641989337366,-1.64673358598818,-1.1327975432025355,-4.6177828947650355,-4.890375677739279,0.605644166469574,0.0,-0.0,0.0,0.0,0.0,0.0,0.0,0.0,0.0,0.0,0.0,0.0,1
1785981716,624408006,0.0,-1.671704117451803,-1.6467097441302698,-1.1328094641314905,-4.617758814488546,-4.890423957501547,0.6056920886039734,0.0,-0.0,0.0,0.0,0.0,0.0,0.0,0.0,0.0,0.0,0.0,0.0,1
1785981716,644110441,0.0,-1.671716038380758,-1.6467097441302698,-1.132857624684469,-4.617758814488546,-4.890399638806478,0.605644166469574,0.0,-0.0,0.0,0.0,0.0,0.0,0.0,0.0,0.0,0.0,0.0,0.0,1
1785981716,664006948,0.0,-1.671704117451803,-1.64673358598818,-1.1327737013446253,-4.617770854626791,-4.890399638806478,0.6056681275367737,0.0,-0.0,0.0,0.0,0.0,0.0,0.0,0.0,0.0,0.0,0.0,0.0,1
1785981716,684031009,0.0,-1.6717284361468714,-1.6466973463641565,-1.1327975432025355,-4.617770854626791,-4.890363637601034,0.6056082248687744,0.0,-0.0,0.0,0.0,0.0,0.0,0.0,0.0,0.0,0.0,0.0,0.0,1
1785981716,704119205,0.0,-1.671716038380758,-1.6467693487750452,-1.1327856222735804,-4.617770854626791,-4.890375677739279,0.6056681275367737,0.0,-0.0,0.0,0.0,0.0,0.0,0.0,0.0,0.0,0.0,0.0,0.0,1
1785981716,724138021,0.0,-1.671692196522848,-1.64673358598818,-1.1328213850604456,-4.617770854626791,-4.890412036572592,0.6056202054023743,0.0,-0.0,0.0,0.0,0.0,0.0,0.0,0.0,0.0,0.0,0.0,0.0,1
1785981716,743842363,0.0,-1.6717284361468714,-1.646745506917135,-1.1327856222735804,-4.617806855832235,-4.890375677739279,0.6056681275367737,0.0,-0.0,0.0,0.0,0.0,0.0,0.0,0.0,0.0,0.0,0.0,0.0,1
1785981716,764194965,0.0,-1.671716038380758,-1.6467574278460901,-1.1328333059894007,-4.6177948156939905,-4.890423957501547,0.6056561470031738,0.0,-0.0,0.0,0.0,0.0,0.0,0.0,0.0,0.0,0.0,0.0,0.0,1
1785981716,783954381,0.0,-1.6716802755938929,-1.64673358598818,-1.1327975432025355,-4.617770854626791,-4.890412036572592,0.6056561470031738,0.0,-0.0,0.0,0.0,0.0,0.0,0.0,0.0,0.0,0.0,0.0,0.0,1
1785981716,804095029,0.0,-1.6716564337359827,-1.646721665059225,-1.1327856222735804,-4.6177948156939905,-4.890412036572592,0.605644166469574,0.0,-0.0,0.0,0.0,0.0,0.0,0.0,0.0,0.0,0.0,0.0,0.0,1
1785981716,824488162,0.0,-1.6716802755938929,-1.646745506917135,-1.1328213850604456,-4.617746893559591,-4.890423957501547,0.6056561470031738,0.0,-0.0,0.0,0.0,0.0,0.0,0.0,0.0,0.0,0.0,0.0,0.0,1
1785981716,844113588,0.0,-1.6717403570758265,-1.646721665059225,-1.1328333059894007,-4.6177948156939905,-4.890423957501547,0.6057160496711731,0.0,-0.0,0.0,0.0,0.0,0.0,0.0,0.0,0.0,0.0,0.0,0.0,1
1785981716,864144086,0.0,-1.6717403570758265,-1.6467097441302698,-1.1327975432025355,-4.6177948156939905,-4.890412036572592,0.6056202054023743,0.0,-0.0,0.0,0.0,0.0,0.0,0.0,0.0,0.0,0.0,0.0,0.0,1
1785981716,884031772,0.0,-1.6716683546649378,-1.6467574278460901,-1.1328094641314905,-4.617806855832235,-4.890412036572592,0.605644166469574,0.0,-0.0,0.0,0.0,0.0,0.0,0.0,0.0,0.0,0.0,0.0,0.0,1
1785981716,904031515,0.0,-1.6717284361468714,-1.646745506917135,-1.1327737013446253,-4.6177948156939905,-4.890387598668234,0.6056561470031738,0.0,-0.0,0.0,0.0,0.0,0.0,0.0,0.0,0.0,0.0,0.0,0.0,1
1785981716,924093484,0.0,-1.6717284361468714,-1.6466973463641565,-1.1327975432025355,-4.617770854626791,-4.890351716672079,0.6056681275367737,0.0,-0.0,0.0,0.0,0.0,0.0,0.0,0.0,0.0,0.0,0.0,0.0,1
1785981716,944007873,0.0,-1.6717403570758265,-1.6467097441302698,-1.1327856222735804,-4.6177348534213465,-4.890375677739279,0.605644166469574,0.0,-0.0,0.0,0.0,0.0,0.0,0.0,0.0,0.0,0.0,0.0,0.0,1
1785981716,964133977,0.0,-1.671704117451803,-1.646721665059225,-1.1328333059894007,-4.617806855832235,-4.890412036572592,0.6056801080703735,0.0,-0.0,0.0,0.0,0.0,0.0,0.0,0.0,0.0,0.0,0.0,0.0,1
1785981716,984578371,0.0,-1.6717403570758265,-1.6467097441302698,-1.1328452269183558,-4.617806855832235,-4.890423957501547,0.6056801080703735,0.0,-0.0,0.0,0.0,0.0,0.0,0.0,0.0,0.0,0.0,0.0,0.0,1
1785981717,4073619,0.0,-1.671704117451803,-1.6466735045062464,-1.132761303578512,-4.617806855832235,-4.890423957501547,0.6056681275367737,0.0,-0.0,0.0,0.0,0.0,0.0,0.0,0.0,0.0,0.0,0.0,0.0,1
1785981717,24214267,0.0,-1.6716802755938929,-1.6467097441302698,-1.1328452269183558,-4.617830816899435,-4.890399638806478,0.6056681275367737,0.0,-0.0,0.0,0.0,0.0,0.0,0.0,0.0,0.0,0.0,0.0,0.0,1
1785981717,44109821,0.0,-1.671716038380758,-1.64673358598818,-1.1327975432025355,-4.6177348534213465,-4.890435997639791,0.6056801080703735,0.0,-0.0,0.0,0.0,0.0,0.0,0.0,0.0,0.0,0.0,0.0,0.0,1
1785981717,64469575,0.0,-1.671716038380758,-1.6467097441302698,-1.1328213850604456,-4.6177348534213465,-4.890423957501547,0.6056681275367737,0.0,-0.0,0.0,0.0,0.0,0.0,0.0,0.0,0.0,0.0,0.0,0.0,1
1785981717,84027051,0.0,-1.671716038380758,-1.6466973463641565,-1.1328333059894007,-4.617806855832235,-4.890399638806478,0.6056561470031738,0.0,-0.0,0.0,0.0,0.0,0.0,0.0,0.0,0.0,0.0,0.0,0.0,1
1785981717,104565620,0.0,-1.671716038380758,-1.6467574278460901,-1.1327975432025355,-4.6177828947650355,-4.890387598668234,0.6055962443351746,0.0,-0.0,0.0,0.0,0.0,0.0,0.0,0.0,0.0,0.0,0.0,0.0,1
1785981717,124025583,0.0,-1.671704117451803,-1.6466973463641565,-1.1328094641314905,-4.6177948156939905,-4.890375677739279,0.6056202054023743,0.0,-0.0,0.0,0.0,0.0,0.0,0.0,0.0,0.0,0.0,0.0,0.0,1
1785981717,144118547,0.0,-1.671692196522848,-1.6466496626483362,-1.1328094641314905,-4.6177948156939905,-4.890423957501547,0.6056561470031738,0.0,-0.0,0.0,0.0,0.0,0.0,0.0,0.0,0.0,0.0,0.0,0.0,1
1785981717,164122343,0.0,-1.671704117451803,-1.64673358598818,-1.1328333059894007,-4.6177828947650355,-4.890399638806478,0.605644166469574,0.0,-0.0,0.0,0.0,0.0,0.0,0.0,0.0,0.0,0.0,0.0,0.0,1
1785981717,184209823,0.0,-1.6717284361468714,-1.6466735045062464,-1.1328333059894007,-4.6177348534213465,-4.890387598668234,0.605644166469574,0.0,-0.0,0.0,0.0,0.0,0.0,0.0,0.0,0.0,0.0,0.0,0.0,1
1785981717,204041004,0.0,-1.671692196522848,-1.64673358598818,-1.1327975432025355,-4.6177828947650355,-4.890363637601034,0.6056561470031738,0.0,-0.0,0.0,0.0,0.0,0.0,0.0,0.0,0.0,0.0,0.0,0.0,1
1785981717,224228620,0.0,-1.671704117451803,-1.6467693487750452,-1.1328452269183558,-4.617758814488546,-4.890387598668234,0.6056681275367737,0.0,-0.0,0.0,0.0,0.0,0.0,0.0,0.0,0.0,0.0,0.0,0.0,1
1785981717,244111776,0.0,-1.6717403570758265,-1.646721665059225,-1.1328213850604456,-4.6177348534213465,-4.890363637601034,0.6056681275367737,0.0,-0.0,0.0,0.0,0.0,0.0,0.0,0.0,0.0,0.0,0.0,0.0,1
1785981717,263958215,0.0,-1.671716038380758,-1.6467097441302698,-1.1327856222735804,-4.617746893559591,-4.890351716672079,0.6056681275367737,0.0,-0.0,0.0,0.0,0.0,0.0,0.0,0.0,0.0,0.0,0.0,0.0,1
1785981717,284042358,0.0,-1.6716802755938929,-1.64673358598818,-1.132761303578512,-4.617746893559591,-4.890387598668234,0.6056561470031738,0.0,-0.0,0.0,0.0,0.0,0.0,0.0,0.0,0.0,0.0,0.0,0.0,1
1785981717,303921461,0.0,-1.671692196522848,-1.6467097441302698,-1.1328452269183558,-4.6177348534213465,-4.890363637601034,0.6056561470031738,0.0,-0.0,0.0,0.0,0.0,0.0,0.0,0.0,0.0,0.0,0.0,0.0,1
1785981717,324087858,0.0,-1.671692196522848,-1.6467574278460901,-1.1328452269183558,-4.617806855832235,-4.890387598668234,0.605644166469574,0.0,-0.0,0.0,0.0,0.0,0.0,0.0,0.0,0.0,0.0,0.0,0.0,1
1785981717,343886375,0.0,-1.671704117451803,-1.6467574278460901,-1.132857624684469,-4.617770854626791,-4.890412036572592,0.6056561470031738,0.0,-0.0,0.0,0.0,0.0,0.0,0.0,0.0,0.0,0.0,0.0,0.0,1
1785981717,364136934,0.0,-1.671704117451803,-1.6467097441302698,-1.1327975432025355,-4.617758814488546,-4.890399638806478,0.6056561470031738,0.0,-0.0,0.0,0.0,0.0,0.0,0.0,0.0,0.0,0.0,0.0,0.0,1
1785981717,384030580,0.0,-1.671692196522848,-1.6466854254352015,-1.132761303578512,-4.6177828947650355,-4.890423957501547,0.6056561470031738,0.0,-0.0,0.0,0.0,0.0,0.0,0.0,0.0,0.0,0.0,0.0,0.0,1
1785981717,404064178,0.0,-1.6717641989337366,-1.6466973463641565,-1.1328333059894007,-4.6177828947650355,-4.890435997639791,0.605644166469574,0.0,-0.0,0.0,0.0,0.0,0.0,0.0,0.0,0.0,0.0,0.0,0.0,1
1785981717,424413919,0.0,-1.671716038380758,-1.6466735045062464,-1.1328333059894007,-4.617722932492391,-4.890363637601034,0.6056681275367737,0.0,-0.0,0.0,0.0,0.0,0.0,0.0,0.0,0.0,0.0,0.0,0.0,1
1785981717,444108724,0.0,-1.6716802755938929,-1.6467574278460901,-1.1328333059894007,-4.6177828947650355,-4.890375677739279,0.6056202054023743,0.0,-0.0,0.0,0.0,0.0,0.0,0.0,0.0,0.0,0.0,0.0,0.0,1
1785981717,464134454,0.0,-1.6717284361468714,-1.6466854254352015,-1.1328333059894007,-4.617770854626791,-4.890375677739279,0.6057040691375732,0.0,-0.0,0.0,0.0,0.0,0.0,0.0,0.0,0.0,0.0,0.0,0.0,1
1785981717,484029293,0.0,-1.671704117451803,-1.646745506917135,-1.1327975432025355,-4.617758814488546,-4.890375677739279,0.6056561470031738,0.0,-0.0,0.0,0.0,0.0,0.0,0.0,0.0,0.0,0.0,0.0,0.0,1
1785981717,503969192,0.0,-1.671704117451803,-1.646721665059225,-1.1328452269183558,-4.617806855832235,-4.890375677739279,0.6056681275367737,0.0,-0.0,0.0,0.0,0.0,0.0,0.0,0.0,0.0,0.0,0.0,0.0,1
1785981717,524092435,0.0,-1.671716038380758,-1.6467574278460901,-1.1327975432025355,-4.617770854626791,-4.890412036572592,0.6056321859359741,0.0,-0.0,0.0,0.0,0.0,0.0,0.0,0.0,0.0,0.0,0.0,0.0,1
1785981717,543981313,0.0,-1.671692196522848,-1.646745506917135,-1.132749382649557,-4.617758814488546,-4.890375677739279,0.6056920886039734,0.0,-0.0,0.0,0.0,0.0,0.0,0.0,0.0,0.0,0.0,0.0,0.0,1
1785981717,564038038,0.0,-1.6716802755938929,-1.6466615835772913,-1.1328213850604456,-4.617770854626791,-4.890423957501547,0.605644166469574,0.0,-0.0,0.0,0.0,0.0,0.0,0.0,0.0,0.0,0.0,0.0,0.0,1
1785981717,584506273,0.0,-1.6716564337359827,-1.646721665059225,-1.1327737013446253,-4.617806855832235,-4.890435997639791,0.605644166469574,0.0,-0.0,0.0,0.0,0.0,0.0,0.0,0.0,0.0,0.0,0.0,0.0,1
1785981717,604076862,0.0,-1.6716683546649378,-1.6466973463641565,-1.132857624684469,-4.617806855832235,-4.890387598668234,0.6056920886039734,0.0,-0.0,0.0,0.0,0.0,0.0,0.0,0.0,0.0,0.0,0.0,0.0,1
1785981717,624180555,0.0,-1.6716683546649378,-1.6466854254352015,-1.1328213850604456,-4.617770854626791,-4.890423957501547,0.6056681275367737,0.0,-0.0,0.0,0.0,0.0,0.0,0.0,0.0,0.0,0.0,0.0,0.0,1
1785981717,644108772,0.0,-1.6717284361468714,-1.6466854254352015,-1.1328213850604456,-4.6177948156939905,-4.890387598668234,0.605644166469574,0.0,-0.0,0.0,0.0,0.0,0.0,0.0,0.0,0.0,0.0,0.0,0.0,1
1785981717,663947582,0.0,-1.671716038380758,-1.646745506917135,-1.1328213850604456,-4.617770854626791,-4.890423957501547,0.605644166469574,0.0,-0.0,0.0,0.0,0.0,0.0,0.0,0.0,0.0,0.0,0.0,0.0,1
1785981717,684130907,0.0,-1.6716445128070276,-1.64673358598818,-1.1328213850604456,-4.617758814488546,-4.890423957501547,0.6056561470031738,0.0,-0.0,0.0,0.0,0.0,0.0,0.0,0.0,0.0,0.0,0.0,0.0,1
1785981717,703839778,0.0,-1.6716802755938929,-1.646721665059225,-1.1327856222735804,-4.617770854626791,-4.890412036572592,0.6056681275367737,0.0,-0.0,0.0,0.0,0.0,0.0,0.0,0.0,0.0,0.0,0.0,0.0,1
1785981717,724060058,0.0,-1.671692196522848,-1.6467574278460901,-1.1328333059894007,-4.617710892354147,-4.890387598668234,0.6056202054023743,0.0,-0.0,0.0,0.0,0.0,0.0,0.0,0.0,0.0,0.0,0.0,0.0,1
1785981717,744092941,0.0,-1.6716683546649378,-1.646745506917135,-1.1327975432025355,-4.617746893559591,-4.890375677739279,0.6056561470031738,0.0,-0.0,0.0,0.0,0.0,0.0,0.0,0.0,0.0,0.0,0.0,0.0,1
1785981717,764039278,0.0,-1.671704117451803,-1.646721665059225,-1.1327856222735804,-4.6177948156939905,-4.890363637601034,0.6056681275367737,0.0,-0.0,0.0,0.0,0.0,0.0,0.0,0.0,0.0,0.0,0.0,0.0,1
1785981717,783944845,0.0,-1.6717641989337366,-1.646721665059225,-1.1327856222735804,-4.6177948156939905,-4.890375677739279,0.6056202054023743,0.0,-0.0,0.0,0.0,0.0,0.0,0.0,0.0,0.0,0.0,0.0,0.0,1
1785981717,804058313,0.0,-1.671704117451803,-1.64673358598818,-1.1328094641314905,-4.617746893559591,-4.890399638806478,0.6056801080703735,0.0,-0.0,0.0,0.0,0.0,0.0,0.0,0.0,0.0,0.0,0.0,0.0,1
1785981717,824653148,0.0,-1.6717403570758265,-1.64673358598818,-1.1327737013446253,-4.617770854626791,-4.890447918568746,0.6056321859359741,0.0,-0.0,0.0,0.0,0.0,0.0,0.0,0.0,0.0,0.0,0.0,0.0,1
1785981717,844145774,0.0,-1.671704117451803,-1.646721665059225,-1.132749382649557,-4.617758814488546,-4.890387598668234,0.6056561470031738,0.0,-0.0,0.0,0.0,0.0,0.0,0.0,0.0,0.0,0.0,0.0,0.0,1
1785981717,864433526,0.0,-1.6717284361468714,-1.646745506917135,-1.1328333059894007,-4.6177828947650355,-4.890399638806478,0.6056681275367737,0.0,-0.0,0.0,0.0,0.0,0.0,0.0,0.0,0.0,0.0,0.0,0.0,1
1785981717,884015560,0.0,-1.6716683546649378,-1.6466854254352015,-1.1327975432025355,-4.6177348534213465,-4.890363637601034,0.6056321859359741,0.0,-0.0,0.0,0.0,0.0,0.0,0.0,0.0,0.0,0.0,0.0,0.0,1
1785981717,904119491,0.0,-1.6716802755938929,-1.6466735045062464,-1.1327975432025355,-4.6177948156939905,-4.890412036572592,0.6056561470031738,0.0,-0.0,0.0,0.0,0.0,0.0,0.0,0.0,0.0,0.0,0.0,0.0,1
1785981717,924021482,0.0,-1.671716038380758,-1.646721665059225,-1.1328213850604456,-4.617770854626791,-4.890351716672079,0.605644166469574,0.0,-0.0,0.0,0.0,0.0,0.0,0.0,0.0,0.0,0.0,0.0,0.0,1
1785981717,944237709,0.0,-1.6716564337359827,-1.6467574278460901,-1.1327856222735804,-4.617758814488546,-4.890412036572592,0.6056561470031738,0.0,-0.0,0.0,0.0,0.0,0.0,0.0,0.0,0.0,0.0,0.0,0.0,1
1785981717,964134454,0.0,-1.6717284361468714,-1.646721665059225,-1.1327856222735804,-4.6177828947650355,-4.890399638806478,0.6056202054023743,0.0,-0.0,0.0,0.0,0.0,0.0,0.0,0.0,0.0,0.0,0.0,0.0,1
1785981717,983963966,0.0,-1.671716038380758,-1.64673358598818,-1.1328333059894007,-4.617806855832235,-4.890363637601034,0.6056801080703735,0.0,-0.0,0.0,0.0,0.0,0.0,0.0,0.0,0.0,0.0,0.0,0.0,1
1785981718,4095554,0.0,-1.671704117451803,-1.6467574278460901,-1.1328452269183558,-4.617770854626791,-4.890399638806478,0.605644166469574,0.0,-0.0,0.0,0.0,0.0,0.0,0.0,0.0,0.0,0.0,0.0,0.0,1
1785981718,24043321,0.0,-1.671692196522848,-1.646721665059225,-1.1328452269183558,-4.6177828947650355,-4.890375677739279,0.6056321859359741,0.0,-0.0,0.0,0.0,0.0,0.0,0.0,0.0,0.0,0.0,0.0,0.0,1
1785981718,44197797,0.0,-1.6717522780047815,-1.646721665059225,-1.132761303578512,-4.617758814488546,-4.890375677739279,0.6056561470031738,0.0,-0.0,0.0,0.0,0.0,0.0,0.0,0.0,0.0,0.0,0.0,0.0,1
1785981718,64054965,0.0,-1.671692196522848,-1.64673358598818,-1.1328094641314905,-4.617722932492391,-4.890363637601034,0.6056801080703735,0.0,-0.0,0.0,0.0,0.0,0.0,0.0,0.0,0.0,0.0,0.0,0.0,1
1785981718,84082126,0.0,-1.6716802755938929,-1.6467097441302698,-1.1327856222735804,-4.617746893559591,-4.890399638806478,0.6056561470031738,0.0,-0.0,0.0,0.0,0.0,0.0,0.0,0.0,0.0,0.0,0.0,0.0,1
1785981718,104818344,0.0,-1.671716038380758,-1.646721665059225,-1.1327737013446253,-4.6177828947650355,-4.890375677739279,0.6056801080703735,0.0,-0.0,0.0,0.0,0.0,0.0,0.0,0.0,0.0,0.0,0.0,0.0,1
1785981718,124002456,0.0,-1.6717522780047815,-1.646745506917135,-1.1328333059894007,-4.617746893559591,-4.890375677739279,0.6056202054023743,0.0,-0.0,0.0,0.0,0.0,0.0,0.0,0.0,0.0,0.0,0.0,0.0,1
1785981718,143956899,0.0,-1.671692196522848,-1.64673358598818,-1.1327737013446253,-4.617758814488546,-4.890399638806478,0.6056202054023743,0.0,-0.0,0.0,0.0,0.0,0.0,0.0,0.0,0.0,0.0,0.0,0.0,1
1785981718,164076328,0.0,-1.6716802755938929,-1.6467574278460901,-1.1327856222735804,-4.617758814488546,-4.890412036572592,0.6056202054023743,0.0,-0.0,0.0,0.0,0.0,0.0,0.0,0.0,0.0,0.0,0.0,0.0,1
1785981718,184219837,0.0,-1.6716802755938929,-1.64673358598818,-1.1327737013446253,-4.6177948156939905,-4.890399638806478,0.6056321859359741,0.0,-0.0,0.0,0.0,0.0,0.0,0.0,0.0,0.0,0.0,0.0,0.0,1
1785981718,204071521,0.0,-1.6717284361468714,-1.6466854254352015,-1.1328094641314905,-4.6177948156939905,-4.890423957501547,0.6056561470031738,0.0,-0.0,0.0,0.0,0.0,0.0,0.0,0.0,0.0,0.0,0.0,0.0,1
1785981718,223873615,0.0,-1.671716038380758,-1.646721665059225,-1.1328213850604456,-4.617746893559591,-4.890399638806478,0.6056681275367737,0.0,-0.0,0.0,0.0,0.0,0.0,0.0,0.0,0.0,0.0,0.0,0.0,1
1785981718,244168758,0.0,-1.671704117451803,-1.6466854254352015,-1.1327975432025355,-4.6177948156939905,-4.890412036572592,0.6057040691375732,0.0,-0.0,0.0,0.0,0.0,0.0,0.0,0.0,0.0,0.0,0.0,0.0,1
1785981718,263832807,0.0,-1.6717284361468714,-1.6467693487750452,-1.1328094641314905,-4.617746893559591,-4.890363637601034,0.6056321859359741,0.0,-0.0,0.0,0.0,0.0,0.0,0.0,0.0,0.0,0.0,0.0,0.0,1
1785981718,284099578,0.0,-1.6716802755938929,-1.6466735045062464,-1.1328094641314905,-4.617758814488546,-4.890412036572592,0.6056321859359741,0.0,-0.0,0.0,0.0,0.0,0.0,0.0,0.0,0.0,0.0,0.0,0.0,1
1785981718,304052591,0.0,-1.6716683546649378,-1.646721665059225,-1.1328213850604456,-4.6177348534213465,-4.890423957501547,0.6056561470031738,0.0,-0.0,0.0,0.0,0.0,0.0,0.0,0.0,0.0,0.0,0.0,0.0,1
1785981718,324026823,0.0,-1.671716038380758,-1.6466973463641565,-1.1328333059894007,-4.6177348534213465,-4.890375677739279,0.6056082248687744,0.0,-0.0,0.0,0.0,0.0,0.0,0.0,0.0,0.0,0.0,0.0,0.0,1
1785981718,344077348,0.0,-1.6717522780047815,-1.6467097441302698,-1.1327975432025355,-4.617746893559591,-4.890387598668234,0.6056561470031738,0.0,-0.0,0.0,0.0,0.0,0.0,0.0,0.0,0.0,0.0,0.0,0.0,1
1785981718,364050149,0.0,-1.6716802755938929,-1.6467097441302698,-1.132761303578512,-4.617770854626791,-4.890399638806478,0.6056202054023743,0.0,-0.0,0.0,0.0,0.0,0.0,0.0,0.0,0.0,0.0,0.0,0.0,1
1785981718,383917331,0.0,-1.6717284361468714,-1.6467097441302698,-1.1327737013446253,-4.6177948156939905,-4.890412036572592,0.6056321859359741,0.0,-0.0,0.0,0.0,0.0,0.0,0.0,0.0,0.0,0.0,0.0,0.0,1
1785981718,403989553,0.0,-1.671692196522848,-1.646721665059225,-1.1327975432025355,-4.617806855832235,-4.890435997639791,0.6056681275367737,0.0,-0.0,0.0,0.0,0.0,0.0,0.0,0.0,0.0,0.0,0.0,0.0,1
1785981718,424337625,0.0,-1.6716802755938929,-1.6467097441302698,-1.1328094641314905,-4.6177828947650355,-4.890363637601034,0.6056561470031738,0.0,-0.0,0.0,0.0,0.0,0.0,0.0,0.0,0.0,0.0,0.0,0.0,1
1785981718,444125652,0.0,-1.6716802755938929,-1.6466973463641565,-1.1327374617206019,-4.617758814488546,-4.890375677739279,0.6056561470031738,0.0,-0.0,0.0,0.0,0.0,0.0,0.0,0.0,0.0,0.0,0.0,0.0,1
1785981718,464367151,0.0,-1.671716038380758,-1.646721665059225,-1.1327975432025355,-4.617758814488546,-4.890387598668234,0.6056920886039734,0.0,-0.0,0.0,0.0,0.0,0.0,0.0,0.0,0.0,0.0,0.0,0.0,1
1785981718,484302759,0.0,-1.6716802755938929,-1.6467812697040003,-1.1327737013446253,-4.617746893559591,-4.890423957501547,0.605644166469574,0.0,-0.0,0.0,0.0,0.0,0.0,0.0,0.0,0.0,0.0,0.0,0.0,1
1785981718,504769086,0.0,-1.6717284361468714,-1.6467574278460901,-1.1327975432025355,-4.6177348534213465,-4.890387598668234,0.605644166469574,0.0,-0.0,0.0,0.0,0.0,0.0,0.0,0.0,0.0,0.0,0.0,0.0,1
1785981718,524105787,0.0,-1.6717403570758265,-1.64673358598818,-1.132749382649557,-4.617806855832235,-4.890363637601034,0.6056801080703735,0.0,-0.0,0.0,0.0,0.0,0.0,0.0,0.0,0.0,0.0,0.0,0.0,1
1785981718,544769287,0.0,-1.671716038380758,-1.6467097441302698,-1.1327737013446253,-4.617746893559591,-4.890423957501547,0.6056681275367737,0.0,-0.0,0.0,0.0,0.0,0.0,0.0,0.0,0.0,0.0,0.0,0.0,1
1785981718,564099073,0.0,-1.6717403570758265,-1.6467097441302698,-1.1327975432025355,-4.617770854626791,-4.890351716672079,0.6056561470031738,0.0,-0.0,0.0,0.0,0.0,0.0,0.0,0.0,0.0,0.0,0.0,0.0,1
1785981718,584040641,0.0,-1.6716683546649378,-1.64673358598818,-1.1327975432025355,-4.617770854626791,-4.890423957501547,0.6056561470031738,0.0,-0.0,0.0,0.0,0.0,0.0,0.0,0.0,0.0,0.0,0.0,0.0,1
1785981718,604021787,0.0,-1.671704117451803,-1.646721665059225,-1.1327856222735804,-4.6177348534213465,-4.890423957501547,0.6056801080703735,0.0,-0.0,0.0,0.0,0.0,0.0,0.0,0.0,0.0,0.0,0.0,0.0,1
1785981718,624620437,0.0,-1.671704117451803,-1.6466854254352015,-1.1328213850604456,-4.61784273782839,-4.890435997639791,0.6056202054023743,0.0,-0.0,0.0,0.0,0.0,0.0,0.0,0.0,0.0,0.0,0.0,0.0,1
1785981718,644109249,0.0,-1.671692196522848,-1.6466973463641565,-1.1328213850604456,-4.617806855832235,-4.890387598668234,0.6056681275367737,0.0,-0.0,0.0,0.0,0.0,0.0,0.0,0.0,0.0,0.0,0.0,0.0,1
1785981718,663899660,0.0,-1.6717522780047815,-1.64673358598818,-1.1327737013446253,-4.617770854626791,-4.890412036572592,0.6056561470031738,0.0,-0.0,0.0,0.0,0.0,0.0,0.0,0.0,0.0,0.0,0.0,0.0,1
1785981718,684091329,0.0,-1.6717522780047815,-1.6466973463641565,-1.1327737013446253,-4.617830816899435,-4.890375677739279,0.6056801080703735,0.0,-0.0,0.0,0.0,0.0,0.0,0.0,0.0,0.0,0.0,0.0,0.0,1
1785981718,704548597,0.0,-1.6717522780047815,-1.6467574278460901,-1.1327737013446253,-4.6177828947650355,-4.890363637601034,0.605644166469574,0.0,-0.0,0.0,0.0,0.0,0.0,0.0,0.0,0.0,0.0,0.0,0.0,1
1785981718,724097490,0.0,-1.6716445128070276,-1.646721665059225,-1.1327975432025355,-4.617770854626791,-4.890423957501547,0.605644166469574,0.0,-0.0,0.0,0.0,0.0,0.0,0.0,0.0,0.0,0.0,0.0,0.0,1
1785981718,743881225,0.0,-1.6717284361468714,-1.646745506917135,-1.1327975432025355,-4.617770854626791,-4.890375677739279,0.6056561470031738,0.0,-0.0,0.0,0.0,0.0,0.0,0.0,0.0,0.0,0.0,0.0,0.0,1
1785981718,764040708,0.0,-1.671692196522848,-1.64673358598818,-1.1327975432025355,-4.617830816899435,-4.890375677739279,0.6056321859359741,0.0,-0.0,0.0,0.0,0.0,0.0,0.0,0.0,0.0,0.0,0.0,0.0,1
1785981718,784671545,0.0,-1.671692196522848,-1.646745506917135,-1.1328213850604456,-4.6177828947650355,-4.890423957501547,0.6057160496711731,0.0,-0.0,0.0,0.0,0.0,0.0,0.0,0.0,0.0,0.0,0.0,0.0,1
1785981718,803992748,0.0,-1.6717284361468714,-1.6466735045062464,-1.1327737013446253,-4.617806855832235,-4.890375677739279,0.6056920886039734,0.0,-0.0,0.0,0.0,0.0,0.0,0.0,0.0,0.0,0.0,0.0,0.0,1
1785981718,824233055,0.0,-1.6717403570758265,-1.6467097441302698,-1.132857624684469,-4.617758814488546,-4.890399638806478,0.6056082248687744,0.0,-0.0,0.0,0.0,0.0,0.0,0.0,0.0,0.0,0.0,0.0,0.0,1
1785981718,844023466,0.0,-1.6717403570758265,-1.646721665059225,-1.1328213850604456,-4.617806855832235,-4.890423957501547,0.6056920886039734,0.0,-0.0,0.0,0.0,0.0,0.0,0.0,0.0,0.0,0.0,0.0,0.0,1
1785981718,864663839,0.0,-1.6716802755938929,-1.646745506917135,-1.1328094641314905,-4.617746893559591,-4.890399638806478,0.6056202054023743,0.0,-0.0,0.0,0.0,0.0,0.0,0.0,0.0,0.0,0.0,0.0,0.0,1
1785981718,884008884,0.0,-1.671692196522848,-1.646721665059225,-1.1327856222735804,-4.617758814488546,-4.890423957501547,0.605644166469574,0.0,-0.0,0.0,0.0,0.0,0.0,0.0,0.0,0.0,0.0,0.0,0.0,1
1785981718,904109239,0.0,-1.6716802755938929,-1.6467097441302698,-1.1327975432025355,-4.6177828947650355,-4.890387598668234,0.6056681275367737,0.0,-0.0,0.0,0.0,0.0,0.0,0.0,0.0,0.0,0.0,0.0,0.0,1
1785981718,924067497,0.0,-1.6717284361468714,-1.6466615835772913,-1.1328333059894007,-4.6177828947650355,-4.890387598668234,0.605644166469574,0.0,-0.0,0.0,0.0,0.0,0.0,0.0,0.0,0.0,0.0,0.0,0.0,1
1785981718,943783760,0.0,-1.671692196522848,-1.6467097441302698,-1.1327856222735804,-4.617770854626791,-4.890423957501547,0.6056801080703735,0.0,-0.0,0.0,0.0,0.0,0.0,0.0,0.0,0.0,0.0,0.0,0.0,1
1785981718,964073657,0.0,-1.671692196522848,-1.6466735045062464,-1.1327975432025355,-4.617758814488546,-4.890387598668234,0.6056801080703735,0.0,-0.0,0.0,0.0,0.0,0.0,0.0,0.0,0.0,0.0,0.0,0.0,1
1785981718,984306097,0.0,-1.671704117451803,-1.6466735045062464,-1.1328094641314905,-4.6177828947650355,-4.890423957501547,0.6056801080703735,0.0,-0.0,0.0,0.0,0.0,0.0,0.0,0.0,0.0,0.0,0.0,0.0,1
1785981719,4021406,0.0,-1.671716038380758,-1.6466854254352015,-1.1327737013446253,-4.6177948156939905,-4.890412036572592,0.6056681275367737,0.0,-0.0,0.0,0.0,0.0,0.0,0.0,0.0,0.0,0.0,0.0,0.0,1
1785981719,24076461,0.0,-1.6717284361468714,-1.6467574278460901,-1.1327975432025355,-4.6177948156939905,-4.890435997639791,0.6057040691375732,0.0,-0.0,0.0,0.0,0.0,0.0,0.0,0.0,0.0,0.0,0.0,0.0,1
1785981719,44077396,0.0,-1.6716802755938929,-1.6467574278460901,-1.1328213850604456,-4.617746893559591,-4.890412036572592,0.605644166469574,0.0,-0.0,0.0,0.0,0.0,0.0,0.0,0.0,0.0,0.0,0.0,0.0,1
1785981719,64410686,0.0,-1.6717284361468714,-1.6466615835772913,-1.132749382649557,-4.6177948156939905,-4.890399638806478,0.6056202054023743,0.0,-0.0,0.0,0.0,0.0,0.0,0.0,0.0,0.0,0.0,0.0,0.0,1
1785981719,84080696,0.0,-1.6716802755938929,-1.6466735045062464,-1.132761303578512,-4.6177348534213465,-4.890387598668234,0.6056561470031738,0.0,-0.0,0.0,0.0,0.0,0.0,0.0,0.0,0.0,0.0,0.0,0.0,1
1785981719,104505062,0.0,-1.671692196522848,-1.6466854254352015,-1.1328213850604456,-4.617698971425192,-4.890375677739279,0.6056321859359741,0.0,-0.0,0.0,0.0,0.0,0.0,0.0,0.0,0.0,0.0,0.0,0.0,1
1785981719,124061346,0.0,-1.671716038380758,-1.6467097441302698,-1.132749382649557,-4.617806855832235,-4.890399638806478,0.6056561470031738,0.0,-0.0,0.0,0.0,0.0,0.0,0.0,0.0,0.0,0.0,0.0,0.0,1
1785981719,144428014,0.0,-1.6716683546649378,-1.64673358598818,-1.1327975432025355,-4.617806855832235,-4.890399638806478,0.6056681275367737,0.0,-0.0,0.0,0.0,0.0,0.0,0.0,0.0,0.0,0.0,0.0,0.0,1
1785981719,164077520,0.0,-1.6716802755938929,-1.6466735045062464,-1.1328094641314905,-4.61781877676119,-4.890375677739279,0.6056082248687744,0.0,-0.0,0.0,0.0,0.0,0.0,0.0,0.0,0.0,0.0,0.0,0.0,1
1785981719,185342311,0.0,-1.6716683546649378,-1.64673358598818,-1.1328213850604456,-4.617770854626791,-4.890387598668234,0.6056681275367737,0.0,-0.0,0.0,0.0,0.0,0.0,0.0,0.0,0.0,0.0,0.0,0.0,1
1785981719,204041242,0.0,-1.6717284361468714,-1.64673358598818,-1.1328213850604456,-4.6177948156939905,-4.890351716672079,0.6056681275367737,0.0,-0.0,0.0,0.0,0.0,0.0,0.0,0.0,0.0,0.0,0.0,0.0,1
1785981719,223931789,0.0,-1.6717284361468714,-1.64673358598818,-1.132749382649557,-4.6177828947650355,-4.890412036572592,0.6056561470031738,0.0,-0.0,0.0,0.0,0.0,0.0,0.0,0.0,0.0,0.0,0.0,0.0,1
1785981719,244098901,0.0,-1.671716038380758,-1.646721665059225,-1.1328333059894007,-4.617770854626791,-4.890412036572592,0.6056561470031738,0.0,-0.0,0.0,0.0,0.0,0.0,0.0,0.0,0.0,0.0,0.0,0.0,1
1785981719,264553546,0.0,-1.6717284361468714,-1.6467574278460901,-1.132761303578512,-4.6177828947650355,-4.890363637601034,0.6056561470031738,0.0,-0.0,0.0,0.0,0.0,0.0,0.0,0.0,0.0,0.0,0.0,0.0,1
1785981719,284055233,0.0,-1.671704117451803,-1.6466735045062464,-1.1327737013446253,-4.6177348534213465,-4.890387598668234,0.6056920886039734,0.0,-0.0,0.0,0.0,0.0,0.0,0.0,0.0,0.0,0.0,0.0,0.0,1
1785981719,304195880,0.0,-1.6716802755938929,-1.6466496626483362,-1.1328213850604456,-4.617758814488546,-4.890399638806478,0.6056681275367737,0.0,-0.0,0.0,0.0,0.0,0.0,0.0,0.0,0.0,0.0,0.0,0.0,1
1785981719,324105739,0.0,-1.6716445128070276,-1.6466854254352015,-1.1327737013446253,-4.617746893559591,-4.890375677739279,0.6056202054023743,0.0,-0.0,0.0,0.0,0.0,0.0,0.0,0.0,0.0,0.0,0.0,0.0,1
1785981719,344481229,0.0,-1.6716445128070276,-1.6467097441302698,-1.1328333059894007,-4.617746893559591,-4.890351716672079,0.6056561470031738,0.0,-0.0,0.0,0.0,0.0,0.0,0.0,0.0,0.0,0.0,0.0,0.0,1
1785981719,364066600,0.0,-1.6717641989337366,-1.64673358598818,-1.132749382649557,-4.617746893559591,-4.890375677739279,0.6055962443351746,0.0,-0.0,0.0,0.0,0.0,0.0,0.0,0.0,0.0,0.0,0.0,0.0,1
1785981719,384453535,0.0,-1.6716802755938929,-1.6467574278460901,-1.1328213850604456,-4.617770854626791,-4.890399638806478,0.6056801080703735,0.0,-0.0,0.0,0.0,0.0,0.0,0.0,0.0,0.0,0.0,0.0,0.0,1
1785981719,404050111,0.0,-1.6716564337359827,-1.646745506917135,-1.1327856222735804,-4.617770854626791,-4.890412036572592,0.6056920886039734,0.0,-0.0,0.0,0.0,0.0,0.0,0.0,0.0,0.0,0.0,0.0,0.0,1
1785981719,424324035,0.0,-1.6716802755938929,-1.6466615835772913,-1.132761303578512,-4.617770854626791,-4.890423957501547,0.6056920886039734,0.0,-0.0,0.0,0.0,0.0,0.0,0.0,0.0,0.0,0.0,0.0,0.0,1
1785981719,444122076,0.0,-1.671692196522848,-1.6466973463641565,-1.1328094641314905,-4.6177948156939905,-4.890423957501547,0.6056561470031738,0.0,-0.0,0.0,0.0,0.0,0.0,0.0,0.0,0.0,0.0,0.0,0.0,1
1785981719,463908910,0.0,-1.6716445128070276,-1.646745506917135,-1.1328213850604456,-4.617758814488546,-4.890363637601034,0.6056561470031738,0.0,-0.0,0.0,0.0,0.0,0.0,0.0,0.0,0.0,0.0,0.0,0.0,1
1785981719,484026432,0.0,-1.671704117451803,-1.6466615835772913,-1.1328213850604456,-4.6177948156939905,-4.890399638806478,0.6056321859359741,0.0,-0.0,0.0,0.0,0.0,0.0,0.0,0.0,0.0,0.0,0.0,0.0,1
1785981719,504122972,0.0,-1.671704117451803,-1.646745506917135,-1.1327975432025355,-4.617806855832235,-4.890351716672079,0.6056681275367737,0.0,-0.0,0.0,0.0,0.0,0.0,0.0,0.0,0.0,0.0,0.0,0.0,1
1785981719,524050235,0.0,-1.6717284361468714,-1.646721665059225,-1.1327856222735804,-4.6177828947650355,-4.890399638806478,0.6056561470031738,0.0,-0.0,0.0,0.0,0.0,0.0,0.0,0.0,0.0,0.0,0.0,0.0,1
1785981719,544190645,0.0,-1.6716321150409144,-1.6466973463641565,-1.1327975432025355,-4.6177348534213465,-4.890375677739279,0.605644166469574,0.0,-0.0,0.0,0.0,0.0,0.0,0.0,0.0,0.0,0.0,0.0,0.0,1
1785981719,564030647,0.0,-1.6716802755938929,-1.6467097441302698,-1.1327975432025355,-4.6177828947650355,-4.890387598668234,0.6056681275367737,0.0,-0.0,0.0,0.0,0.0,0.0,0.0,0.0,0.0,0.0,0.0,0.0,1
1785981719,584412336,0.0,-1.671716038380758,-1.646745506917135,-1.1327856222735804,-4.617770854626791,-4.890423957501547,0.605644166469574,0.0,-0.0,0.0,0.0,0.0,0.0,0.0,0.0,0.0,0.0,0.0,0.0,1
1785981719,604038000,0.0,-1.6716802755938929,-1.646721665059225,-1.132761303578512,-4.6177948156939905,-4.890399638806478,0.6056202054023743,0.0,-0.0,0.0,0.0,0.0,0.0,0.0,0.0,0.0,0.0,0.0,0.0,1
1785981719,623830080,0.0,-1.671716038380758,-1.6466735045062464,-1.1327856222735804,-4.6177948156939905,-4.890375677739279,0.605644166469574,0.0,-0.0,0.0,0.0,0.0,0.0,0.0,0.0,0.0,0.0,0.0,0.0,1
1785981719,644165515,0.0,-1.671716038380758,-1.6466973463641565,-1.132761303578512,-4.6177828947650355,-4.890423957501547,0.6056920886039734,0.0,-0.0,0.0,0.0,0.0,0.0,0.0,0.0,0.0,0.0,0.0,0.0,1
1785981719,664165258,0.0,-1.6717284361468714,-1.64673358598818,-1.1328094641314905,-4.617746893559591,-4.890375677739279,0.6056561470031738,0.0,-0.0,0.0,0.0,0.0,0.0,0.0,0.0,0.0,0.0,0.0,0.0,1
1785981719,684009075,0.0,-1.6716802755938929,-1.64673358598818,-1.1328213850604456,-4.6177948156939905,-4.890387598668234,0.6055962443351746,0.0,-0.0,0.0,0.0,0.0,0.0,0.0,0.0,0.0,0.0,0.0,0.0,1
1785981719,704759359,0.0,-1.671704117451803,-1.6466973463641565,-1.1327856222735804,-4.617770854626791,-4.890412036572592,0.6056561470031738,0.0,-0.0,0.0,0.0,0.0,0.0,0.0,0.0,0.0,0.0,0.0,0.0,1
1785981719,723937273,0.0,-1.6717403570758265,-1.6467097441302698,-1.1327856222735804,-4.617758814488546,-4.890399638806478,0.6056681275367737,0.0,-0.0,0.0,0.0,0.0,0.0,0.0,0.0,0.0,0.0,0.0,0.0,1
1785981719,743963479,0.0,-1.671716038380758,-1.646721665059225,-1.132761303578512,-4.617770854626791,-4.890435997639791,0.6056082248687744,0.0,-0.0,0.0,0.0,0.0,0.0,0.0,0.0,0.0,0.0,0.0,0.0,1
1785981719,764045715,0.0,-1.671716038380758,-1.646745506917135,-1.1327737013446253,-4.6177948156939905,-4.890399638806478,0.6056801080703735,0.0,-0.0,0.0,0.0,0.0,0.0,0.0,0.0,0.0,0.0,0.0,0.0,1
1785981719,783897399,0.0,-1.6716802755938929,-1.6466973463641565,-1.1327975432025355,-4.61781877676119,-4.890363637601034,0.6056321859359741,0.0,-0.0,0.0,0.0,0.0,0.0,0.0,0.0,0.0,0.0,0.0,0.0,1
1785981719,804103136,0.0,-1.671704117451803,-1.646721665059225,-1.1328333059894007,-4.617770854626791,-4.890423957501547,0.6056321859359741,0.0,-0.0,0.0,0.0,0.0,0.0,0.0,0.0,0.0,0.0,0.0,0.0,1
1785981719,824627161,0.0,-1.671704117451803,-1.6467097441302698,-1.1328094641314905,-4.617722932492391,-4.890375677739279,0.6055962443351746,0.0,-0.0,0.0,0.0,0.0,0.0,0.0,0.0,0.0,0.0,0.0,0.0,1
1785981719,844102144,0.0,-1.671716038380758,-1.6467574278460901,-1.1327856222735804,-4.6177828947650355,-4.890412036572592,0.6056321859359741,0.0,-0.0,0.0,0.0,0.0,0.0,0.0,0.0,0.0,0.0,0.0,0.0,1
1785981719,864808082,0.0,-1.6716802755938929,-1.6466973463641565,-1.1327856222735804,-4.6177828947650355,-4.890412036572592,0.605644166469574,0.0,-0.0,0.0,0.0,0.0,0.0,0.0,0.0,0.0,0.0,0.0,0.0,1
1785981719,884017705,0.0,-1.671704117451803,-1.6467097441302698,-1.1327856222735804,-4.6177948156939905,-4.890351716672079,0.6056321859359741,0.0,-0.0,0.0,0.0,0.0,0.0,0.0,0.0,0.0,0.0,0.0,0.0,1
1785981719,904418706,0.0,-1.671704117451803,-1.6467097441302698,-1.1327374617206019,-4.6177828947650355,-4.890387598668234,0.6056321859359741,0.0,-0.0,0.0,0.0,0.0,0.0,0.0,0.0,0.0,0.0,0.0,0.0,1
1785981719,924028873,0.0,-1.671692196522848,-1.646721665059225,-1.1327737013446253,-4.617770854626791,-4.890423957501547,0.6056321859359741,0.0,-0.0,0.0,0.0,0.0,0.0,0.0,0.0,0.0,0.0,0.0,0.0,1
1785981719,944620847,0.0,-1.6717403570758265,-1.646721665059225,-1.1327737013446253,-4.617758814488546,-4.890387598668234,0.6057040691375732,0.0,-0.0,0.0,0.0,0.0,0.0,0.0,0.0,0.0,0.0,0.0,0.0,1
1785981719,964040040,0.0,-1.6716564337359827,-1.646721665059225,-1.1327975432025355,-4.6177348534213465,-4.890387598668234,0.605644166469574,0.0,-0.0,0.0,0.0,0.0,0.0,0.0,0.0,0.0,0.0,0.0,0.0,1
1785981719,984327316,0.0,-1.6717284361468714,-1.6466973463641565,-1.1328333059894007,-4.617758814488546,-4.890423957501547,0.605644166469574,0.0,-0.0,0.0,0.0,0.0,0.0,0.0,0.0,0.0,0.0,0.0,0.0,1
1785981720,4162311,0.0,-1.671692196522848,-1.6467574278460901,-1.1328094641314905,-4.617770854626791,-4.890375677739279,0.6056801080703735,0.0,-0.0,0.0,0.0,0.0,0.0,0.0,0.0,0.0,0.0,0.0,0.0,1
1785981720,24174690,0.0,-1.671704117451803,-1.6466973463641565,-1.1327975432025355,-4.6177828947650355,-4.890375677739279,0.6056801080703735,0.0,-0.0,0.0,0.0,0.0,0.0,0.0,0.0,0.0,0.0,0.0,0.0,1
1785981720,44055223,0.0,-1.6717284361468714,-1.6466854254352015,-1.1327737013446253,-4.6177828947650355,-4.890423957501547,0.6056561470031738,0.0,-0.0,0.0,0.0,0.0,0.0,0.0,0.0,0.0,0.0,0.0,0.0,1
1785981720,64337015,0.0,-1.671716038380758,-1.6467574278460901,-1.1327737013446253,-4.6177828947650355,-4.890412036572592,0.6056321859359741,0.0,-0.0,0.0,0.0,0.0,0.0,0.0,0.0,0.0,0.0,0.0,0.0,1
1785981720,84098100,0.0,-1.671704117451803,-1.6466973463641565,-1.132749382649557,-4.617770854626791,-4.890387598668234,0.6056801080703735,0.0,-0.0,0.0,0.0,0.0,0.0,0.0,0.0,0.0,0.0,0.0,0.0,1
1785981720,104523420,0.0,-1.6717522780047815,-1.6466973463641565,-1.1327856222735804,-4.617770854626791,-4.890375677739279,0.6056561470031738,0.0,-0.0,0.0,0.0,0.0,0.0,0.0,0.0,0.0,0.0,0.0,0.0,1
1785981720,124015808,0.0,-1.671704117451803,-1.6467574278460901,-1.1328333059894007,-4.617770854626791,-4.890375677739279,0.6056321859359741,0.0,-0.0,0.0,0.0,0.0,0.0,0.0,0.0,0.0,0.0,0.0,0.0,1
1785981720,144509792,0.0,-1.6717284361468714,-1.646721665059225,-1.1327737013446253,-4.6177348534213465,-4.890423957501547,0.6056561470031738,0.0,-0.0,0.0,0.0,0.0,0.0,0.0,0.0,0.0,0.0,0.0,0.0,1
1785981720,164006471,0.0,-1.671704117451803,-1.6467097441302698,-1.132761303578512,-4.617806855832235,-4.890435997639791,0.6056082248687744,0.0,-0.0,0.0,0.0,0.0,0.0,0.0,0.0,0.0,0.0,0.0,0.0,1
1785981720,184363126,0.0,-1.6716802755938929,-1.6467812697040003,-1.1327856222735804,-4.6177828947650355,-4.890423957501547,0.6056321859359741,0.0,-0.0,0.0,0.0,0.0,0.0,0.0,0.0,0.0,0.0,0.0,0.0,1
1785981720,204097509,0.0,-1.671716038380758,-1.6467574278460901,-1.132749382649557,-4.6177948156939905,-4.890363637601034,0.6056561470031738,0.0,-0.0,0.0,0.0,0.0,0.0,0.0,0.0,0.0,0.0,0.0,0.0,1
1785981720,224354982,0.0,-1.6716802755938929,-1.6466735045062464,-1.1328333059894007,-4.6177828947650355,-4.890375677739279,0.605644166469574,0.0,-0.0,0.0,0.0,0.0,0.0,0.0,0.0,0.0,0.0,0.0,0.0,1
1785981720,244063138,0.0,-1.671716038380758,-1.64673358598818,-1.1327975432025355,-4.617746893559591,-4.890435997639791,0.6056681275367737,0.0,-0.0,0.0,0.0,0.0,0.0,0.0,0.0,0.0,0.0,0.0,0.0,1
1785981720,264370918,0.0,-1.6716802755938929,-1.646745506917135,-1.1328094641314905,-4.617758814488546,-4.890387598668234,0.605644166469574,0.0,-0.0,0.0,0.0,0.0,0.0,0.0,0.0,0.0,0.0,0.0,0.0,1
1785981720,284035921,0.0,-1.6716802755938929,-1.6466973463641565,-1.1327856222735804,-4.617758814488546,-4.890412036572592,0.605644166469574,0.0,-0.0,0.0,0.0,0.0,0.0,0.0,0.0,0.0,0.0,0.0,0.0,1
1785981720,304377079,0.0,-1.671716038380758,-1.6466496626483362,-1.1327255407916468,-4.6177948156939905,-4.890375677739279,0.6056681275367737,0.0,-0.0,0.0,0.0,0.0,0.0,0.0,0.0,0.0,0.0,0.0,0.0,1
1785981720,324103355,0.0,-1.671692196522848,-1.646721665059225,-1.1327856222735804,-4.617770854626791,-4.890423957501547,0.605644166469574,0.0,-0.0,0.0,0.0,0.0,0.0,0.0,0.0,0.0,0.0,0.0,0.0,1
1785981720,344617843,0.0,-1.6717284361468714,-1.6467097441302698,-1.1328094641314905,-4.6177948156939905,-4.890423957501547,0.6056561470031738,0.0,-0.0,0.0,0.0,0.0,0.0,0.0,0.0,0.0,0.0,0.0,0.0,1
1785981720,364046573,0.0,-1.6717522780047815,-1.6466973463641565,-1.1327737013446253,-4.617746893559591,-4.890399638806478,0.605644166469574,0.0,-0.0,0.0,0.0,0.0,0.0,0.0,0.0,0.0,0.0,0.0,0.0,1
1785981720,384881734,0.0,-1.6717522780047815,-1.6467097441302698,-1.1327856222735804,-4.617722932492391,-4.890399638806478,0.6056801080703735,0.0,-0.0,0.0,0.0,0.0,0.0,0.0,0.0,0.0,0.0,0.0,0.0,1
1785981720,404038906,0.0,-1.6717641989337366,-1.6466973463641565,-1.1328333059894007,-4.6177828947650355,-4.890423957501547,0.6056561470031738,0.0,-0.0,0.0,0.0,0.0,0.0,0.0,0.0,0.0,0.0,0.0,0.0,1
1785981720,424787282,0.0,-1.6717403570758265,-1.64673358598818,-1.1328333059894007,-4.617758814488546,-4.890375677739279,0.6056561470031738,0.0,-0.0,0.0,0.0,0.0,0.0,0.0,0.0,0.0,0.0,0.0,0.0,1
1785981720,443982601,0.0,-1.671692196522848,-1.646721665059225,-1.1327737013446253,-4.617806855832235,-4.890423957501547,0.6056321859359741,0.0,-0.0,0.0,0.0,0.0,0.0,0.0,0.0,0.0,0.0,0.0,0.0,1
1785981720,464458465,0.0,-1.671716038380758,-1.6466973463641565,-1.1327737013446253,-4.6177948156939905,-4.890399638806478,0.6056561470031738,0.0,-0.0,0.0,0.0,0.0,0.0,0.0,0.0,0.0,0.0,0.0,0.0,1
1785981720,484053134,0.0,-1.6716802755938929,-1.6467574278460901,-1.1327975432025355,-4.6177828947650355,-4.890375677739279,0.6056681275367737,0.0,-0.0,0.0,0.0,0.0,0.0,0.0,0.0,0.0,0.0,0.0,0.0,1
1785981720,504133939,0.0,-1.671692196522848,-1.6466735045062464,-1.1327975432025355,-4.6177828947650355,-4.890387598668234,0.605644166469574,0.0,-0.0,0.0,0.0,0.0,0.0,0.0,0.0,0.0,0.0,0.0,0.0,1
1785981720,524058103,0.0,-1.671704117451803,-1.6467574278460901,-1.1327975432025355,-4.617770854626791,-4.890399638806478,0.6056321859359741,0.0,-0.0,0.0,0.0,0.0,0.0,0.0,0.0,0.0,0.0,0.0,0.0,1
1785981720,544640302,0.0,-1.6716802755938929,-1.6467574278460901,-1.1327975432025355,-4.6177948156939905,-4.890423957501547,0.605644166469574,0.0,-0.0,0.0,0.0,0.0,0.0,0.0,0.0,0.0,0.0,0.0,0.0,1
1785981720,564095020,0.0,-1.671716038380758,-1.6467574278460901,-1.1328094641314905,-4.61781877676119,-4.890363637601034,0.6056681275367737,0.0,-0.0,0.0,0.0,0.0,0.0,0.0,0.0,0.0,0.0,0.0,0.0,1
1785981720,583995103,0.0,-1.671704117451803,-1.6467097441302698,-1.1327856222735804,-4.617806855832235,-4.890412036572592,0.6056681275367737,0.0,-0.0,0.0,0.0,0.0,0.0,0.0,0.0,0.0,0.0,0.0,0.0,1
1785981720,603959560,0.0,-1.6716564337359827,-1.6466854254352015,-1.1327856222735804,-4.6177948156939905,-4.890363637601034,0.6056681275367737,0.0,-0.0,0.0,0.0,0.0,0.0,0.0,0.0,0.0,0.0,0.0,0.0,1
1785981720,624658346,0.0,-1.6717284361468714,-1.6467574278460901,-1.1327975432025355,-4.6177828947650355,-4.890423957501547,0.6056561470031738,0.0,-0.0,0.0,0.0,0.0,0.0,0.0,0.0,0.0,0.0,0.0,0.0,1
1785981720,643970966,0.0,-1.6716802755938929,-1.6467693487750452,-1.1328213850604456,-4.6177948156939905,-4.890351716672079,0.605644166469574,0.0,-0.0,0.0,0.0,0.0,0.0,0.0,0.0,0.0,0.0,0.0,0.0,1
1785981720,664741039,0.0,-1.671716038380758,-1.6467574278460901,-1.1328094641314905,-4.617758814488546,-4.890351716672079,0.6056321859359741,0.0,-0.0,0.0,0.0,0.0,0.0,0.0,0.0,0.0,0.0,0.0,0.0,1
1785981720,683958292,0.0,-1.6716802755938929,-1.646745506917135,-1.1327856222735804,-4.617758814488546,-4.890387598668234,0.6056561470031738,0.0,-0.0,0.0,0.0,0.0,0.0,0.0,0.0,0.0,0.0,0.0,0.0,1
1785981720,704491376,0.0,-1.671716038380758,-1.6466854254352015,-1.1327975432025355,-4.617746893559591,-4.890399638806478,0.6056801080703735,0.0,-0.0,0.0,0.0,0.0,0.0,0.0,0.0,0.0,0.0,0.0,0.0,1
1785981720,724011421,0.0,-1.6716802755938929,-1.6466973463641565,-1.132761303578512,-4.6177828947650355,-4.890423957501547,0.6056801080703735,0.0,-0.0,0.0,0.0,0.0,0.0,0.0,0.0,0.0,0.0,0.0,0.0,1
1785981720,744492530,0.0,-1.671704117451803,-1.646721665059225,-1.1328213850604456,-4.6177828947650355,-4.890387598668234,0.6056801080703735,0.0,-0.0,0.0,0.0,0.0,0.0,0.0,0.0,0.0,0.0,0.0,0.0,1
1785981720,764045238,0.0,-1.6717403570758265,-1.6466854254352015,-1.1328452269183558,-4.617746893559591,-4.890375677739279,0.605644166469574,0.0,-0.0,0.0,0.0,0.0,0.0,0.0,0.0,0.0,0.0,0.0,0.0,1
1785981720,784491300,0.0,-1.6716802755938929,-1.64673358598818,-1.1327856222735804,-4.617770854626791,-4.890339676533834,0.6056801080703735,0.0,-0.0,0.0,0.0,0.0,0.0,0.0,0.0,0.0,0.0,0.0,0.0,1
1785981720,804074287,0.0,-1.671716038380758,-1.6467574278460901,-1.1327856222735804,-4.617758814488546,-4.890399638806478,0.6055842638015747,0.0,-0.0,0.0,0.0,0.0,0.0,0.0,0.0,0.0,0.0,0.0,0.0,1
1785981720,824421644,0.0,-1.6716683546649378,-1.646745506917135,-1.1328333059894007,-4.617746893559591,-4.890399638806478,0.6056561470031738,0.0,-0.0,0.0,0.0,0.0,0.0,0.0,0.0,0.0,0.0,0.0,0.0,1
1785981720,844162702,0.0,-1.671692196522848,-1.646721665059225,-1.1328333059894007,-4.617758814488546,-4.890412036572592,0.6056321859359741,0.0,-0.0,0.0,0.0,0.0,0.0,0.0,0.0,0.0,0.0,0.0,0.0,1
1785981720,864521503,0.0,-1.6716683546649378,-1.64673358598818,-1.1328213850604456,-4.6177828947650355,-4.890363637601034,0.605644166469574,0.0,-0.0,0.0,0.0,0.0,0.0,0.0,0.0,0.0,0.0,0.0,0.0,1
1785981720,884123325,0.0,-1.671716038380758,-1.64673358598818,-1.132761303578512,-4.617758814488546,-4.890387598668234,0.6056681275367737,0.0,-0.0,0.0,0.0,0.0,0.0,0.0,0.0,0.0,0.0,0.0,0.0,1
1785981720,904560804,0.0,-1.6717284361468714,-1.64673358598818,-1.1327737013446253,-4.617806855832235,-4.890412036572592,0.6056561470031738,0.0,-0.0,0.0,0.0,0.0,0.0,0.0,0.0,0.0,0.0,0.0,0.0,1
1785981720,924045801,0.0,-1.6717403570758265,-1.6466735045062464,-1.1327856222735804,-4.6177348534213465,-4.890399638806478,0.605644166469574,0.0,-0.0,0.0,0.0,0.0,0.0,0.0,0.0,0.0,0.0,0.0,0.0,1
1785981720,944705247,0.0,-1.6716564337359827,-1.6467097441302698,-1.1327737013446253,-4.617758814488546,-4.890399638806478,0.6056561470031738,0.0,-0.0,0.0,0.0,0.0,0.0,0.0,0.0,0.0,0.0,0.0,0.0,1
1785981720,963988542,0.0,-1.671716038380758,-1.6467097441302698,-1.1327737013446253,-4.617746893559591,-4.890435997639791,0.605644166469574,0.0,-0.0,0.0,0.0,0.0,0.0,0.0,0.0,0.0,0.0,0.0,0.0,1
1785981720,984472513,0.0,-1.671704117451803,-1.6467574278460901,-1.1327737013446253,-4.617806855832235,-4.890375677739279,0.6056801080703735,0.0,-0.0,0.0,0.0,0.0,0.0,0.0,0.0,0.0,0.0,0.0,0.0,1
1785981721,3959655,0.0,-1.671716038380758,-1.646745506917135,-1.1328333059894007,-4.6177948156939905,-4.890375677739279,0.6056202054023743,0.0,-0.0,0.0,0.0,0.0,0.0,0.0,0.0,0.0,0.0,0.0,0.0,1
1785981721,24681806,0.0,-1.671716038380758,-1.646721665059225,-1.132761303578512,-4.6177828947650355,-4.890375677739279,0.6055962443351746,0.0,-0.0,0.0,0.0,0.0,0.0,0.0,0.0,0.0,0.0,0.0,0.0,1
1785981721,44195890,0.0,-1.6717403570758265,-1.6467097441302698,-1.1327856222735804,-4.6177348534213465,-4.890447918568746,0.605644166469574,0.0,-0.0,0.0,0.0,0.0,0.0,0.0,0.0,0.0,0.0,0.0,0.0,1
1785981721,64811944,0.0,-1.6716802755938929,-1.6467574278460901,-1.1327975432025355,-4.6177828947650355,-4.890423957501547,0.6056202054023743,0.0,-0.0,0.0,0.0,0.0,0.0,0.0,0.0,0.0,0.0,0.0,0.0,1
1785981721,84043979,0.0,-1.6716802755938929,-1.6467097441302698,-1.1327856222735804,-4.6177948156939905,-4.890423957501547,0.6056321859359741,0.0,-0.0,0.0,0.0,0.0,0.0,0.0,0.0,0.0,0.0,0.0,0.0,1
1785981721,104479551,0.0,-1.6717403570758265,-1.6466735045062464,-1.1327856222735804,-4.617806855832235,-4.890423957501547,0.6056321859359741,0.0,-0.0,0.0,0.0,0.0,0.0,0.0,0.0,0.0,0.0,0.0,0.0,1
1785981721,124071598,0.0,-1.671704117451803,-1.64673358598818,-1.132761303578512,-4.617758814488546,-4.890387598668234,0.6056801080703735,0.0,-0.0,0.0,0.0,0.0,0.0,0.0,0.0,0.0,0.0,0.0,0.0,1
1785981721,144295454,0.0,-1.671716038380758,-1.6467097441302698,-1.1328452269183558,-4.617746893559591,-4.890423957501547,0.6056681275367737,0.0,-0.0,0.0,0.0,0.0,0.0,0.0,0.0,0.0,0.0,0.0,0.0,1
1785981721,164108514,0.0,-1.6716445128070276,-1.6466973463641565,-1.1328213850604456,-4.617806855832235,-4.890435997639791,0.6056920886039734,0.0,-0.0,0.0,0.0,0.0,0.0,0.0,0.0,0.0,0.0,0.0,0.0,1
1785981721,185250997,0.0,-1.6716683546649378,-1.6466854254352015,-1.132761303578512,-4.6177948156939905,-4.890375677739279,0.6056801080703735,0.0,-0.0,0.0,0.0,0.0,0.0,0.0,0.0,0.0,0.0,0.0,0.0,1
1785981721,204014778,0.0,-1.671704117451803,-1.646721665059225,-1.132761303578512,-4.6177828947650355,-4.890351716672079,0.6056321859359741,0.0,-0.0,0.0,0.0,0.0,0.0,0.0,0.0,0.0,0.0,0.0,0.0,1
1785981721,224605321,0.0,-1.671716038380758,-1.64673358598818,-1.1327856222735804,-4.617746893559591,-4.890423957501547,0.6056681275367737,0.0,-0.0,0.0,0.0,0.0,0.0,0.0,0.0,0.0,0.0,0.0,0.0,1
1785981721,243998765,0.0,-1.6716683546649378,-1.6466973463641565,-1.1327737013446253,-4.617758814488546,-4.890435997639791,0.6056561470031738,0.0,-0.0,0.0,0.0,0.0,0.0,0.0,0.0,0.0,0.0,0.0,0.0,1
1785981721,264687538,0.0,-1.6716564337359827,-1.6467812697040003,-1.1327975432025355,-4.617770854626791,-4.890412036572592,0.6056321859359741,0.0,-0.0,0.0,0.0,0.0,0.0,0.0,0.0,0.0,0.0,0.0,0.0,1
1785981721,283994197,0.0,-1.671704117451803,-1.646721665059225,-1.1328094641314905,-4.6177828947650355,-4.890412036572592,0.605644166469574,0.0,-0.0,0.0,0.0,0.0,0.0,0.0,0.0,0.0,0.0,0.0,0.0,1
1785981721,304439783,0.0,-1.6716802755938929,-1.64673358598818,-1.132761303578512,-4.6177348534213465,-4.890351716672079,0.6056202054023743,0.0,-0.0,0.0,0.0,0.0,0.0,0.0,0.0,0.0,0.0,0.0,0.0,1
1785981721,323995828,0.0,-1.6716802755938929,-1.64673358598818,-1.1327856222735804,-4.617746893559591,-4.890387598668234,0.6056561470031738,0.0,-0.0,0.0,0.0,0.0,0.0,0.0,0.0,0.0,0.0,0.0,0.0,1
1785981721,344522476,0.0,-1.671716038380758,-1.6467097441302698,-1.1327975432025355,-4.617770854626791,-4.890435997639791,0.6056681275367737,0.0,-0.0,0.0,0.0,0.0,0.0,0.0,0.0,0.0,0.0,0.0,0.0,1
1785981721,364039421,0.0,-1.671692196522848,-1.64673358598818,-1.1328333059894007,-4.6177348534213465,-4.890387598668234,0.6056681275367737,0.0,-0.0,0.0,0.0,0.0,0.0,0.0,0.0,0.0,0.0,0.0,0.0,1
1785981721,384495019,0.0,-1.671692196522848,-1.64673358598818,-1.132749382649557,-4.617806855832235,-4.890423957501547,0.6056801080703735,0.0,-0.0,0.0,0.0,0.0,0.0,0.0,0.0,0.0,0.0,0.0,0.0,1
1785981721,404098987,0.0,-1.6716564337359827,-1.64673358598818,-1.1327737013446253,-4.6177948156939905,-4.890459958706991,0.6056561470031738,0.0,-0.0,0.0,0.0,0.0,0.0,0.0,0.0,0.0,0.0,0.0,0.0,1
1785981721,424674987,0.0,-1.6716683546649378,-1.6467097441302698,-1.1328452269183558,-4.6177348534213465,-4.890412036572592,0.6056321859359741,0.0,-0.0,0.0,0.0,0.0,0.0,0.0,0.0,0.0,0.0,0.0,0.0,1
1785981721,444033384,0.0,-1.6716802755938929,-1.6467693487750452,-1.1327975432025355,-4.6177948156939905,-4.890387598668234,0.6056681275367737,0.0,-0.0,0.0,0.0,0.0,0.0,0.0,0.0,0.0,0.0,0.0,0.0,1
1785981721,464608430,0.0,-1.6717522780047815,-1.6466496626483362,-1.1328094641314905,-4.617806855832235,-4.890387598668234,0.6056920886039734,0.0,-0.0,0.0,0.0,0.0,0.0,0.0,0.0,0.0,0.0,0.0,0.0,1
1785981721,484028339,0.0,-1.671716038380758,-1.6467097441302698,-1.1327975432025355,-4.61781877676119,-4.890375677739279,0.6056561470031738,0.0,-0.0,0.0,0.0,0.0,0.0,0.0,0.0,0.0,0.0,0.0,0.0,1
1785981721,504417181,0.0,-1.671716038380758,-1.6466973463641565,-1.1328213850604456,-4.617806855832235,-4.890399638806478,0.605644166469574,0.0,-0.0,0.0,0.0,0.0,0.0,0.0,0.0,0.0,0.0,0.0,0.0,1
1785981721,524002313,0.0,-1.671704117451803,-1.6467097441302698,-1.1328094641314905,-4.617746893559591,-4.890412036572592,0.605644166469574,0.0,-0.0,0.0,0.0,0.0,0.0,0.0,0.0,0.0,0.0,0.0,0.0,1
1785981721,544564485,0.0,-1.671704117451803,-1.646721665059225,-1.1327975432025355,-4.6177828947650355,-4.890351716672079,0.6056321859359741,0.0,-0.0,0.0,0.0,0.0,0.0,0.0,0.0,0.0,0.0,0.0,0.0,1
1785981721,564073562,0.0,-1.671692196522848,-1.64673358598818,-1.132761303578512,-4.61781877676119,-4.890412036572592,0.6056561470031738,0.0,-0.0,0.0,0.0,0.0,0.0,0.0,0.0,0.0,0.0,0.0,0.0,1
1785981721,584555625,0.0,-1.671692196522848,-1.646745506917135,-1.1327975432025355,-4.6177348534213465,-4.890412036572592,0.6056801080703735,0.0,-0.0,0.0,0.0,0.0,0.0,0.0,0.0,0.0,0.0,0.0,0.0,1
1785981721,603946685,0.0,-1.6717284361468714,-1.6467574278460901,-1.1328213850604456,-4.6177948156939905,-4.890375677739279,0.6056202054023743,0.0,-0.0,0.0,0.0,0.0,0.0,0.0,0.0,0.0,0.0,0.0,0.0,1
1785981721,624644756,0.0,-1.6716802755938929,-1.64673358598818,-1.1327975432025355,-4.6177828947650355,-4.890412036572592,0.605644166469574,0.0,-0.0,0.0,0.0,0.0,0.0,0.0,0.0,0.0,0.0,0.0,0.0,1
1785981721,644044637,0.0,-1.671704117451803,-1.6466854254352015,-1.1327856222735804,-4.617770854626791,-4.890351716672079,0.6056681275367737,0.0,-0.0,0.0,0.0,0.0,0.0,0.0,0.0,0.0,0.0,0.0,0.0,1
